-0.401625   -0.101549   -0.0352146
0.180472   -0.267571   0.00963618
-0.379754   -0.444363   0.0446998
-0.243267   -0.268361   0.407315
0.0981897   -0.148297   0.0357026
0.223471   -0.138769   -0.251547
0.273734   0.078458   0.365594
-0.440251   0.373111   0.29105
0.385188   -0.120083   0.304553
-0.0338399   -0.272243   -0.188209
-0.230874   -0.30698   -0.465081
0.269025   -0.236963   -0.241985
0.476694   0.373727   -0.363444
0.318883   0.0211069   0.459943
0.0373978   0.0539197   0.0451371
-0.22765   -0.0250393   -0.485459
-0.142159   0.494105   -0.473006
-0.018128   0.330628   0.0573239
-0.0555049   0.285394   -0.352729
-0.0483515   0.23578   0.230867
-0.0692484   -0.0201037   -0.402701
0.0797435   0.0214067   -0.169006
-0.185419   0.211442   -0.00475987
0.171443   -0.417576   0.442694
0.0229512   -0.274608   -0.431793
0.444203   0.40122   0.239896
0.0504474   -0.279918   0.485005
-0.366434   -0.0504931   0.0351257
-0.212767   0.393939   -0.0229025
-0.0387617   -0.492135   0.0346834
-0.0431505   0.496317   -0.0737137
-0.0124084   -0.310203   -0.116851
0.00857798   -0.238449   0.196551
0.224292   -0.474949   0.406523
-0.482749   -0.012597   0.218906
-0.0118953   -0.325123   0.209212
0.30639   -0.248635   0.404384
-0.392301   -0.286776   0.254451
0.291488   -0.128424   0.0150598
-0.027339   0.0675235   0.391561
-0.382833   -0.273108   -0.0334764
0.23101   -0.243631   0.295484
0.401081   -0.340524   0.313291
-0.333705   0.355453   -0.229158
0.170852   0.00624846   0.0229473
0.150378   -0.102268   -0.316299
-0.0861077   0.353512   -0.144942
-0.466168   0.419694   0.0524347
-0.447176   0.331595   -0.495357
-0.379752   0.395482   0.394796
-0.154382   0.212907   -0.19734
0.0393536   0.151392   -0.263457
-0.0719547   -0.181868   0.0091953
-0.329439   0.319601   0.47844
0.151693   -0.17462   -0.3791
0.46006   -0.281973   0.471359
-0.488576   -0.190543   -0.155593
-0.313833   -0.242741   0.0922182
0.0357047   -0.374258   -0.140484
0.0700882   0.141935   0.0440494
-0.232318   -0.063895   0.155385
-0.0200954   -0.132366   0.050283
0.0988643   0.305929   -0.0571155
0.139603   0.311621   -0.266793
-0.448004   0.249874   -0.155272
0.248292   0.269878   0.00563494
0.0424034   -0.483164   0.0203405
0.197306   0.113116   0.458195
-0.279438   -0.352577   -0.150073
0.296579   -0.38983   0.231286
0.496924   0.186628   -0.461211
0.300233   0.361141   -0.456986
0.421847   0.373101   -0.239073
0.161116   -0.0905879   -0.128439
-0.441412   -0.229015   0.282401
-0.23826   -0.236883   -0.254204
0.410574   -0.321472   0.419618
-0.327053   0.26042   -0.223897
0.170416   0.334954   0.490057
0.418446   -0.263918   0.357005
0.278574   0.116418   -0.485832
-0.0486847   -0.389314   -0.165352
0.474752   0.115609   -0.0879035
-0.113148   -0.329079   -0.0781957
0.428706   -0.0212778   0.424497
-0.162976   -0.284935   -0.0336465
-0.478364   0.10137   -0.486269
-0.0159033   0.10035   0.0803658
-0.405732   -0.149526   0.157924
-0.138162   0.29785   0.243534
0.175082   -0.135585   -0.458819
-0.382563   0.307352   -0.0749812
0.081169   -0.318054   0.268092
0.313868   0.41788   0.233773
-0.0814472   0.388521   0.475446
-0.468172   0.312835   -0.239524
0.194519   0.364578   -0.342659
0.072456   -0.0638447   -0.262604
-0.106952   -0.106551   0.193847
0.183165   -0.220517   0.107736
-0.130395   -0.410071   0.00279075
0.263268   -0.249919   -0.019566
-0.470924   -0.274394   0.417978
-0.0352097   -0.20765   -0.279469
0.2866   0.428552   -0.313389
0.335358   -0.339158   0.484915
0.459699   -0.171593   -0.405022
-0.0804336   0.0463093   -0.20691
