0.0600989
0.05487
0.0462922
0.0381452
0.0402106
0.0460281
0.0464044
0.0416077
0.0443493
0.056976
0.0510712
0.0506071
0.052135
0.0524865
0.0422247
0.051513
0.0376444
0.040584
0.0425702
0.0436701
0.0448355
0.0586948
0.0537644
0.0474523
0.0430967
0.039694
0.0411027
0.0346608
0.0367054
0.0454347
0.0427513
0.0584083
0.0622316
0.0552806
0.0611013
0.0520283
0.0418629
0.0443963
0.0478281
0.0508088
0.0458938
0.0551039
0.0425882
0.0473936
0.0456467
0.0374369
0.0386912
0.0448755
0.0436519
0.0488592
0.0491544
0.0439549
0.0539196
0.0643255
0.0495429
0.0309636
0.0331462
0.0413061
0.0471937
0.0488018
0.0547146
0.0392137
0.0425416
0.0535538
0.0447832
0.0439951
0.0519554
0.0665646
0.0755765
0.041045
0.0363935
0.0403174
0.0433605
0.053155
0.0496629
0.0491694
0.0626592
0.0553645
0.0527211
0.0456196
0.0407834
0.0399886
0.0338612
0.0356309
0.0432205
0.0446859
0.0448724
0.0537093
0.056144
0.0497255
0.0554993
0.0528546
0.0369971
0.0472152
0.0533206
0.0570209
0.052308
0.0397984
0.0474774
0.0476466
0.0369937
0.0451993
0.0582963
0.0567443
0.0501069
0.0599697
0.0570199
0.0516739
0.0476011
0.0398213
0.0378325
0.0408797
0.0468867
0.043636
0.0402196
0.0449063
0.0528493
0.0497046
0.0519015
0.0486779
0.0493434
0.0573681
0.0597513
0.0524205
0.0442
0.0466622
0.042463
0.0445278
0.0404855
0.035189
0.0361139
0.0441878
0.0574507
0.0515832
0.0490489
0.0431887
0.0439847
0.0395273
0.0362766
0.0401456
0.0394343
0.0407043
0.044051
0.0419123
0.0440126
0.0452379
0.0456291
0.0558279
0.0462883
0.0441991
0.0399125
0.0384513
0.0625728
0.06117
0.0571561
0.0463232
0.0448527
0.0403913
0.0343224
0.0362366
0.0367622
0.0351166
0.0322813
0.038702
0.048318
0.0558484
0.0489858
0.0522446
0.045344
0.0448687
0.0568049
0.044419
0.0566895
0.0547475
0.060299
0.0544736
0.0466272
0.0368956
0.0360784
0.0373989
0.0454811
0.067925
0.0675654
0.0538524
0.0404772
0.0439787
0.0551139
0.0658687
0.0423267
0.0352424
0.0557041
0.0481161
0.0621007
0.0571135
0.0339371
0.0395771
0.0473053
0.0510427
0.0451061
0.0447333
0.0473014
0.0531074
0.0492403
0.0479089
0.0417126
0.0402671
0.0427923
0.0496909
0.0529247
0.0578565
0.0414135
0.0387203
0.0377608
0.043497
0.0529195
0.0541463
0.0473933
0.0338228
0.0459156
0.0494628
0.0502153
0.0473754
0.0535116
0.044002
0.0568518
0.0498477
0.0455704
0.0362458
0.0400443
0.0637901
0.0573328
0.049288
0.0379112
0.0367703
0.040523
0.0527424
0.0667809
0.0577642
0.0433084
0.0511973
0.0456083
0.0459925
0.0466964
0.0445825
0.0489507
0.054441
0.0422746
0.0446503
0.0573374
0.0457563
0.0433966
0.0408594
0.0488596
0.0514493
0.0383869
0.0531349
0.0506298
0.0431304
0.0370609
0.0400688
0.0563101
0.0570533
0.051482
0.0490627
0.0465349
0.0368643
0.040488
0.0672314
0.0498037
0.0487901
0.0456019
0.0465473
0.0595076
0.0600236
0.0467479
0.0474367
0.0437239
0.0454693
0.0506196
0.0389287
0.0420263
0.0457267
0.0505855
0.0410128
0.0444967
0.0424559
0.0434102
0.0560227
0.052527
0.0474015
0.0418102
0.0485999
0.0443565
0.0423245
0.0553367
0.0536258
0.0521042
0.0528406
0.0638673
0.044907
0.0563771
0.0622482
0.0465832
0.0321401
0.0424422
0.0516826
0.0465043
0.0494026
0.0523064
0.0573932
0.0636845
0.0487017
0.041542
0.0502368
0.0469328
0.0341544
0.0348548
0.0380222
0.0425573
0.0479912
0.0657907
0.0504661
0.0533192
0.0467008
0.0482632
0.0433577
0.0516364
0.0492432
0.0724267
0.0539764
0.0494951
0.0443716
0.0550895
0.0646842
0.0515222
0.0482696
0.050994
0.0478051
0.0423538
0.0416336
0.0421984
0.0428397
0.0541144
0.0494129
0.0449044
0.0433146
0.0592812
0.0597281
0.0396356
0.0454421
0.0585866
0.0622841
0.0517279
0.0443971
0.0395001
0.0357832
0.0582594
0.0516496
0.0574559
0.0451445
0.0464408
0.0501082
0.0469279
0.0583484
0.0608722
0.0509507
0.0441763
0.0449955
0.0408067
0.0446408
0.0521238
0.0523844
0.0481465
0.0518442
0.0470333
0.0433432
0.0456043
0.0504547
0.0395729
0.0373777
0.0536832
0.071476
0.066652
0.0413279
0.0362434
0.0574136
0.0449414
0.0425212
0.0421491
0.0397628
0.0471829
0.0466242
0.0552464
0.0546026
0.057989
0.058045
0.0402336
0.0376698
0.0424707
0.062831
0.0565846
0.0551246
0.0503432
0.0561476
0.0449627
0.0399122
0.0398847
0.0543818
0.057167
0.0471158
0.0422489
0.0416497
0.0426135
0.0408123
0.0480812
0.0494932
0.0618802
0.0615503
0.0637573
0.0514474
0.0474924
0.045623
0.0433815
0.0517829
0.0539772
0.0449161
0.0452875
0.0436197
0.0392719
0.0401784
0.04471
0.0511475
0.0662868
0.0681054
0.0526165
0.0458362
0.0549332
0.060177
0.0489368
0.0436174
0.0485562
0.0565641
0.0579712
0.0505613
0.046932
0.0395735
0.0407734
0.0480395
0.0501097
0.0523534
0.0529701
0.0482456
0.0617105
0.0567493
0.0440093
0.0451847
0.0422758
0.0408943
0.0420323
0.0475319
0.0534752
0.061984
0.0551086
0.0437769
0.0408587
0.0649058
0.0615763
0.0521899
0.0434741
0.0421431
0.0588303
0.0642746
0.0473112
0.0491961
0.0564437
0.0561249
0.0519886
0.0472806
0.0488433
0.0523595
0.0407858
0.053462
0.0491903
0.0486904
0.0435526
0.049514
0.0511347
0.0502246
0.0629148
0.0663406
0.0570362
0.047394
0.0507647
0.0457172
0.0506219
0.0491326
0.0392083
0.0347903
0.0377771
0.0474829
0.041217
0.0420383
0.0606635
0.076142
0.0651041
0.0392132
0.0449001
0.0561187
0.066042
0.0563866
0.0482751
0.0401351
0.0421042
0.0511078
0.0550941
0.0382842
0.0483389
0.0650678
0.0566934
0.0516259
0.0577724
0.0576896
0.0502398
0.0430278
0.045517
0.0537631
0.0625136
0.0624343
0.0548355
0.052157
0.0581298
0.0465371
0.0476743
0.0411635
0.0457102
0.0575923
0.0495505
0.0539453
0.056054
0.0533801
0.0534676
0.0538728
0.0399201
0.0406349
0.0489072
0.0437233
0.0387826
0.0399303
0.0430678
0.0471217
0.057963
0.0452431
0.0499094
0.0592666
0.053181
0.0549459
0.045007
0.0468856
0.0482533
0.0419514
0.0398696
0.0396123
0.0368582
0.0369312
0.0456535
0.0497561
0.0534951
0.0527576
0.049955
0.0485735
0.056922
0.0456931
0.0453659
0.0430516
0.0522277
0.0489766
0.0386665
0.0464514
0.0370176
0.0417957
0.0581459
0.0548659
0.0554959
0.0517077
0.0528844
0.0522559
0.0440678
0.0435129
0.058472
0.047399
0.0578891
0.0488122
0.0400946
0.0438865
0.0466009
0.0572144
0.0433274
0.0459033
0.064732
0.0512769
0.0373388
0.0415668
0.0496841
0.0569473
0.0635533
0.067069
0.0528242
0.0426813
0.0577771
0.0452938
0.0454092
0.0396934
0.0406115
0.0558312
0.0535368
0.0494439
0.0559798
0.0391871
0.0384001
0.0580155
0.0539791
0.0556013
0.050568
0.0470884
0.0422613
0.0382548
0.0382928
0.037514
0.043625
0.0444289
0.0454597
0.0455535
0.0471573
0.0501978
0.0421817
0.0425199
0.048834
0.0483172
0.0397286
0.036634
0.0490017
0.0669088
0.0536014
0.0633157
0.0523757
0.0465832
0.0457139
0.0442977
0.0415899
0.0568685
0.0396927
0.0404842
0.0410884
0.0431096
0.0445987
0.0423297
0.0400797
0.0436179
0.0568672
0.0517447
0.0405125
0.039173
0.0507837
0.0386059
0.0418694
0.0431794
0.0360382
0.0387346
0.0434932
0.039341
0.031411
0.0398057
0.053155
0.0560055
0.0474558
0.0405722
0.0537703
0.0453498
0.0478705
0.0419657
0.0412109
0.0473676
0.0632743
0.0422932
0.0535616
0.0439779
0.0463846
0.0528409
0.0433097
0.0336641
0.0348288
0.044141
0.0528713
0.050884
0.0662374
0.0509366
0.0437063
0.0377068
0.039315
0.048789
0.0527778
0.040959
0.0454131
0.0591291
0.060814
0.0610231
0.0545732
0.0608058
0.0503755
0.043497
0.0439996
0.043828
0.0427506
0.0423081
0.0512767
0.0508508
0.0415964
0.0392299
0.0423439
0.0408083
0.047597
0.0426215
0.0403505
0.0527404
0.0480975
0.0423961
0.0431242
0.0449315
0.0373484
0.0399112
0.0695561
0.0663946
0.0560939
0.0523277
0.0630882
0.0535326
0.0465124
0.0444279
0.0503087
0.0673263
0.0649551
0.0609722
0.0433959
0.0527213
0.0578002
0.0572282
0.0432119
0.0431529
0.0574052
0.0518233
0.0483632
0.0634439
0.0636985
0.058699
0.0450806
0.0371924
0.0403398
0.0474024
0.0496984
0.0480731
0.0489651
0.0386295
0.0436684
0.043232
0.0577793
0.0468439
0.0530367
0.0561672
0.065534
0.0619635
0.0431825
0.0458434
0.066402
0.0654284
0.055588
0.0476577
0.0511041
0.0523194
0.0408956
0.0429286
0.0411698
0.0444268
0.0556723
0.0490762
0.0396655
0.0367757
0.0422287
0.0372656
0.0557903
0.0531595
0.053352
0.0558851
0.0629287
0.047119
0.0703453
0.0482916
0.0529796
0.0504612
0.031707
0.0308142
0.0404063
0.0417658
0.0493343
0.0589793
0.0450385
0.0429854
0.0449838
0.0513061
0.0512245
0.0504848
0.0941799
0.0715681
0.0651591
0.0588009
0.0584002
0.047667
0.0342628
0.0403186
0.0530902
0.0562893
0.0365284
0.0315388
0.0445651
0.0620142
0.0735008
0.0466749
0.0328117
0.0393313
0.0536054
0.0457242
0.0489216
0.0545579
0.0387567
0.0434817
0.0447462
0.047653
0.0511716
0.0528411
0.0414003
0.0471373
0.0544158
0.048227
0.0523074
0.0445187
0.0408673
0.0370517
0.0481943
0.0437442
0.0420963
0.0463103
0.0527001
0.0670984
0.0569916
0.0408534
0.0381209
0.0430442
0.04698
0.0544501
0.0515228
0.0442162
0.0453649
0.04666
0.0518805
0.0698515
0.06967
0.0543011
0.0499003
0.0451789
0.0447501
0.0422661
0.0414942
0.0427072
0.0392976
0.0358465
0.0427564
0.0592138
0.0543017
0.0594485
0.0533005
0.0584769
0.0681786
0.0621341
0.0718237
0.0536425
0.0484021
0.0550469
0.0409908
0.0411322
0.055918
0.0500206
0.0558112
0.0705708
0.0637812
0.0430581
0.036711
0.0589865
0.0527898
0.068204
0.0477428
0.0444726
0.046551
0.0469959
0.0479782
0.0390268
0.0403509
0.0415086
0.056297
0.0704386
0.0715566
0.0600784
0.0492074
0.0382869
0.0399601
0.0422805
0.0415641
0.0404763
0.039562
0.0457924
0.0460712
0.0562561
0.051737
0.0605336
0.0566351
0.0545313
0.0690718
0.0550228
0.054121
0.0651352
0.0467536
0.043528
0.0443584
0.0503102
0.0573559
0.0569426
0.0427369
0.0408484
0.0392647
0.0422678
0.0423612
0.0517283
0.0454029
0.046678
0.0502088
0.0488314
0.0476934
0.0531069
0.0552379
0.0454067
0.0363082
0.0399908
0.036601
0.0437415
0.0500479
0.0527928
0.0477844
0.0460131
0.0459098
0.0501276
0.0471826
0.0476906
0.0427142
0.0454285
0.0479947
0.0508757
0.0502089
0.0491626
0.0513701
0.0666936
0.0550727
0.0387611
0.0407742
0.0481526
0.0705207
0.0559627
0.0514124
0.0470462
0.0479026
0.0429933
0.0446393
0.0437288
0.0383208
0.0485082
0.0547168
0.0446046
0.0421818
0.0430064
0.0538493
0.0511493
0.0613203
0.0467808
0.0431813
0.0575146
0.054316
0.0637494
0.0757914
0.0638084
0.0469383
0.0540415
0.052139
0.0387437
