-0.363438
-0.385914
-0.40444
-0.426544
-0.423504
-0.413858
-0.423211
-0.450789
-0.459031
-0.432651
-0.462126
-0.458829
-0.443974
-0.425746
-0.449767
-0.400709
-0.440137
-0.422327
-0.420191
-0.425286
-0.433117
-0.397255
-0.429649
-0.449247
-0.456505
-0.462599
-0.453211
-0.478636
-0.481572
-0.467029
-0.499175
-0.461992
-0.462292
-0.489764
-0.461297
-0.4794
-0.495697
-0.473351
-0.454437
-0.438813
-0.456253
-0.417132
-0.455675
-0.429424
-0.43293
-0.463146
-0.464895
-0.453149
-0.470596
-0.467073
-0.47228
-0.494471
-0.468551
-0.426824
-0.454683
-0.49102
-0.472552
-0.45353
-0.448014
-0.45757
-0.44198
-0.499866
-0.496175
-0.46485
-0.499217
-0.506672
-0.493492
-0.453226
-0.400526
-0.495851
-0.488262
-0.46936
-0.466617
-0.443929
-0.466427
-0.478211
-0.431921
-0.450166
-0.438671
-0.439785
-0.437682
-0.423935
-0.439099
-0.438376
-0.424575
-0.436204
-0.45762
-0.44586
-0.451192
-0.481212
-0.460176
-0.464053
-0.514855
-0.479281
-0.462035
-0.443675
-0.441506
-0.467684
-0.428991
-0.41679
-0.447568
-0.426468
-0.393572
-0.404632
-0.430101
-0.394571
-0.401753
-0.406792
-0.401626
-0.411372
-0.409629
-0.401154
-0.388419
-0.406592
-0.426508
-0.427375
-0.419929
-0.448781
-0.451877
-0.472549
-0.477623
-0.456613
-0.453558
-0.478369
-0.499991
-0.484919
-0.49872
-0.489059
-0.501133
-0.518158
-0.522455
-0.515894
-0.487886
-0.518209
-0.518502
-0.524107
-0.503048
-0.502433
-0.503034
-0.487204
-0.494671
-0.498158
-0.498051
-0.518269
-0.522943
-0.532021
-0.544497
-0.513338
-0.542046
-0.534238
-0.542006
-0.556667
-0.494779
-0.512666
-0.505796
-0.520399
-0.497329
-0.480827
-0.470764
-0.439291
-0.420811
-0.414333
-0.421637
-0.411071
-0.395352
-0.381412
-0.417035
-0.40732
-0.439034
-0.454169
-0.425922
-0.486837
-0.456569
-0.484908
-0.470201
-0.483317
-0.490855
-0.510028
-0.511877
-0.526026
-0.533388
-0.485464
-0.49685
-0.530003
-0.560794
-0.542536
-0.506032
-0.458653
-0.522986
-0.532125
-0.458837
-0.506182
-0.463174
-0.471957
-0.538446
-0.514925
-0.497574
-0.489424
-0.514725
-0.520497
-0.516956
-0.494665
-0.501503
-0.493465
-0.501786
-0.495145
-0.484695
-0.4624
-0.455898
-0.433064
-0.480291
-0.477479
-0.480938
-0.472212
-0.453967
-0.455284
-0.469784
-0.50937
-0.468274
-0.463246
-0.459238
-0.469112
-0.440428
-0.466565
-0.406387
-0.427369
-0.431667
-0.456762
-0.452688
-0.380923
-0.408419
-0.421367
-0.447221
-0.447932
-0.448817
-0.430459
-0.396164
-0.425035
-0.469417
-0.435871
-0.457205
-0.45581
-0.455003
-0.470016
-0.463675
-0.442218
-0.483402
-0.474341
-0.425612
-0.463214
-0.461398
-0.467703
-0.441692
-0.429992
-0.478426
-0.42755
-0.442176
-0.466828
-0.487424
-0.488537
-0.445362
-0.450854
-0.463801
-0.459169
-0.450295
-0.468979
-0.455598
-0.358404
-0.417554
-0.406292
-0.410922
-0.411176
-0.374633
-0.369606
-0.403677
-0.38826
-0.39592
-0.390901
-0.370491
-0.413247
-0.410506
-0.414701
-0.409476
-0.45538
-0.454622
-0.474437
-0.484786
-0.451369
-0.467994
-0.480367
-0.499419
-0.478259
-0.49875
-0.51543
-0.486964
-0.507303
-0.518062
-0.520128
-0.476197
-0.550037
-0.508971
-0.492107
-0.529572
-0.557491
-0.521402
-0.493676
-0.512829
-0.503482
-0.496123
-0.479109
-0.444847
-0.475255
-0.478348
-0.436086
-0.433746
-0.461935
-0.452646
-0.449037
-0.447887
-0.450026
-0.394981
-0.452003
-0.43195
-0.449889
-0.437291
-0.458035
-0.435042
-0.466943
-0.398825
-0.475131
-0.481615
-0.497362
-0.463914
-0.429326
-0.461784
-0.450839
-0.421362
-0.410335
-0.406889
-0.393784
-0.385492
-0.385256
-0.34667
-0.361702
-0.37151
-0.384156
-0.339014
-0.341619
-0.418378
-0.414967
-0.389462
-0.37953
-0.404303
-0.411338
-0.420823
-0.444509
-0.382496
-0.437083
-0.43306
-0.489948
-0.497871
-0.501315
-0.530469
-0.504384
-0.495719
-0.514831
-0.517598
-0.494492
-0.499256
-0.481784
-0.449141
-0.438673
-0.44425
-0.412726
-0.415651
-0.416343
-0.397913
-0.370705
-0.401879
-0.414668
-0.38207
-0.343253
-0.356601
-0.424914
-0.43155
-0.356762
-0.404274
-0.406974
-0.411593
-0.430391
-0.419508
-0.444432
-0.429329
-0.442815
-0.434929
-0.424396
-0.474886
-0.478576
-0.475579
-0.418321
-0.446386
-0.439419
-0.443535
-0.398741
-0.413642
-0.408402
-0.401665
-0.352872
-0.345387
-0.373918
-0.377382
-0.37124
-0.366344
-0.380068
-0.368718
-0.388367
-0.365663
-0.383859
-0.369595
-0.393032
-0.380784
-0.366796
-0.363667
-0.329534
-0.316533
-0.341386
-0.335188
-0.342391
-0.36568
-0.380344
-0.391929
-0.404051
-0.380446
-0.387187
-0.431423
-0.435614
-0.388922
-0.354174
-0.373999
-0.376041
-0.357311
-0.336047
-0.328556
-0.341564
-0.338846
-0.355402
-0.355303
-0.344065
-0.354773
-0.363609
-0.3726
-0.403217
-0.365028
-0.384768
-0.424131
-0.411913
-0.419436
-0.425935
-0.433487
-0.435164
-0.438347
-0.418802
-0.443043
-0.471499
-0.480328
-0.406803
-0.41617
-0.423352
-0.432315
-0.429674
-0.37532
-0.352957
-0.40031
-0.382652
-0.35653
-0.356002
-0.356357
-0.361339
-0.359978
-0.348027
-0.390515
-0.350202
-0.378063
-0.384905
-0.40977
-0.398882
-0.405154
-0.422278
-0.393848
-0.390443
-0.409512
-0.415914
-0.378733
-0.381719
-0.348053
-0.3372
-0.356407
-0.363721
-0.359262
-0.336094
-0.374148
-0.395399
-0.35767
-0.312481
-0.333415
-0.398817
-0.368829
-0.334465
-0.298543
-0.325442
-0.33871
-0.358567
-0.356203
-0.338913
-0.333951
-0.40298
-0.383947
-0.345631
-0.386869
-0.407628
-0.387015
-0.380616
-0.391549
-0.404445
-0.396202
-0.378178
-0.358917
-0.365007
-0.382818
-0.380602
-0.348761
-0.381131
-0.364388
-0.384904
-0.375805
-0.343772
-0.380273
-0.367797
-0.369709
-0.38444
-0.383867
-0.375791
-0.41782
-0.413092
-0.386647
-0.406298
-0.422405
-0.423456
-0.425108
-0.428252
-0.401786
-0.456239
-0.440303
-0.40374
-0.420519
-0.405816
-0.433655
-0.415143
-0.397547
-0.404967
-0.398735
-0.392091
-0.401677
-0.411329
-0.398018
-0.403464
-0.407796
-0.42275
-0.435008
-0.443436
-0.41045
-0.446835
-0.441174
-0.446552
-0.408855
-0.40976
-0.433459
-0.395505
-0.431484
-0.427468
-0.38692
-0.413774
-0.413204
-0.421214
-0.40579
-0.394023
-0.411512
-0.412077
-0.36203
-0.409255
-0.367648
-0.395767
-0.415582
-0.397208
-0.394533
-0.35647
-0.412503
-0.41505
-0.356732
-0.402714
-0.439953
-0.428533
-0.414622
-0.408769
-0.396612
-0.375677
-0.408107
-0.424289
-0.357003
-0.402999
-0.396386
-0.415862
-0.42021
-0.376907
-0.39354
-0.411046
-0.380611
-0.437611
-0.449599
-0.397263
-0.432129
-0.430066
-0.442367
-0.439142
-0.438865
-0.437674
-0.426635
-0.426615
-0.409402
-0.413046
-0.414764
-0.425944
-0.431572
-0.426428
-0.457238
-0.461832
-0.449648
-0.457844
-0.489558
-0.510021
-0.490715
-0.446698
-0.504298
-0.460779
-0.486878
-0.488938
-0.479679
-0.47834
-0.493175
-0.440888
-0.508253
-0.505419
-0.507687
-0.505336
-0.504056
-0.514398
-0.528772
-0.530465
-0.492139
-0.503915
-0.524528
-0.518889
-0.468768
-0.506918
-0.485159
-0.474912
-0.500921
-0.494209
-0.481255
-0.495326
-0.526739
-0.513892
-0.493214
-0.494563
-0.51887
-0.538897
-0.489639
-0.525441
-0.513496
-0.53371
-0.540629
-0.534733
-0.486363
-0.568816
-0.518728
-0.54467
-0.523262
-0.482144
-0.491919
-0.504833
-0.494541
-0.472449
-0.454531
-0.472181
-0.413926
-0.457095
-0.45944
-0.465641
-0.457422
-0.432017
-0.422743
-0.469657
-0.46715
-0.439395
-0.444049
-0.43864
-0.454778
-0.41686
-0.442958
-0.456409
-0.451352
-0.454552
-0.461237
-0.469202
-0.441036
-0.436606
-0.455129
-0.450232
-0.432265
-0.437013
-0.409937
-0.425758
-0.434783
-0.39334
-0.410779
-0.427181
-0.424971
-0.420275
-0.454879
-0.468975
-0.390224
-0.421744
-0.459224
-0.470298
-0.42669
-0.460252
-0.479431
-0.486653
-0.480232
-0.436231
-0.457722
-0.466815
-0.520268
-0.484445
-0.469243
-0.463674
-0.505117
-0.501731
-0.458117
-0.484998
-0.502284
-0.454621
-0.457687
-0.463267
-0.48344
-0.485028
-0.462071
-0.436761
-0.429799
-0.433478
-0.421788
-0.455183
-0.437706
-0.450929
-0.404436
-0.455982
-0.444105
-0.44894
-0.430364
-0.442127
-0.500953
-0.494994
-0.431991
-0.437835
-0.455388
-0.460644
-0.429926
-0.404234
-0.430861
-0.415111
-0.420366
-0.415918
-0.380083
-0.401823
-0.430823
-0.444742
-0.436362
-0.479542
-0.436839
-0.464806
-0.474798
-0.480317
-0.462133
-0.52343
-0.427752
-0.497256
-0.456923
-0.447901
-0.504574
-0.508665
-0.49388
-0.514405
-0.512244
-0.492726
-0.543781
-0.547487
-0.549687
-0.543127
-0.561715
-0.591582
-0.451891
-0.547983
-0.557563
-0.555826
-0.523007
-0.526228
-0.544341
-0.511027
-0.46273
-0.441525
-0.496205
-0.503798
-0.469785
-0.429188
-0.383737
-0.45405
-0.4787
-0.455908
-0.41475
-0.447785
-0.436178
-0.407035
-0.454289
-0.430944
-0.428724
-0.421748
-0.410393
-0.39731
-0.428519
-0.404562
-0.381792
-0.404324
-0.382701
-0.403961
-0.408334
-0.425541
-0.396541
-0.425299
-0.442707
-0.448098
-0.450695
-0.413628
-0.440791
-0.474414
-0.466764
-0.447773
-0.441186
-0.419367
-0.43287
-0.454204
-0.446035
-0.445462
-0.438434
-0.383155
-0.374579
-0.399918
-0.382697
-0.376852
-0.360878
-0.360007
-0.358802
-0.357468
-0.379117
-0.413048
-0.424724
-0.402452
-0.450151
-0.446635
-0.482543
-0.476772
-0.450982
-0.475456
-0.429246
-0.478138
-0.473212
-0.426198
-0.463523
-0.459589
-0.412267
-0.443904
-0.431779
-0.381991
-0.385385
-0.423503
-0.425391
-0.343941
-0.389471
-0.336615
-0.399335
-0.390729
-0.373585
-0.368833
-0.361562
-0.395405
-0.4024
-0.425409
-0.408257
-0.387875
-0.38595
-0.403001
-0.404341
-0.411656
-0.387082
-0.370055
-0.365999
-0.365868
-0.375479
-0.368106
-0.390345
-0.375368
-0.416789
-0.400919
-0.423295
-0.437421
-0.388409
-0.440948
-0.444719
-0.396352
-0.45004
-0.45098
-0.450998
-0.442095
-0.421967
-0.409979
-0.440575
-0.427831
-0.423974
-0.408709
-0.411242
-0.380379
-0.405729
-0.401728
-0.396929
-0.408526
-0.411625
-0.387262
-0.365859
-0.375139
-0.38286
-0.355222
-0.369687
-0.356372
-0.350169
-0.347985
-0.366347
-0.37053
-0.371244
-0.358093
-0.374742
-0.377375
-0.401956
-0.400827
-0.402784
-0.400809
-0.413603
-0.426751
-0.433474
-0.392449
-0.430767
-0.477339
-0.472609
-0.466543
-0.400914
-0.458457
-0.460581
-0.461391
-0.442162
-0.44794
-0.432478
-0.428857
-0.448151
-0.418532
-0.400601
-0.433971
-0.441268
-0.449664
-0.424686
-0.454657
-0.421695
-0.468699
-0.484086
-0.442383
-0.473497
-0.455447
-0.412459
-0.431939
-0.457843
-0.407269
-0.393018
-0.42057
