1.4085081
1.4085263
1.4085181
1.4085203
1.4085131
1.4084991
1.4084802
1.4084776
1.408463
1.4084615
1.4084464
1.4084395
1.4084485
1.4084589
1.4084369
1.4084266
1.4084507
1.4084446
1.4084326
1.4084254
1.4084065
1.4083872
1.4083744
1.4083636
1.4083522
1.4083637
1.4083573
1.4083519
1.4083378
1.4083385
1.4083631
1.4083902
1.4083824
1.4083443
1.4083191
1.4083207
1.4083067
1.4083379
1.4083355
1.4083541
1.4083529
1.4083246
1.4083418
1.408338
1.4083474
1.408333
1.4083187
1.4083213
1.4083164
1.4083105
1.4083153
1.4083469
1.4083371
1.4083493
1.4083325
1.4083518
1.4083238
1.4083142
1.4083261
1.4083416
1.4083525
1.4083729
1.4083824
1.4084096
1.4084178
1.4083804
1.4084084
1.4084095
1.4083989
1.4084369
1.408435
1.4084376
1.4084255
1.4084416
1.4084508
1.4084546
1.4084511
1.4084478
1.4084433
1.408478
1.4084655
1.4084544
1.4085085
1.4084893
1.4084781
1.4085016
1.4085238
1.4085245
1.4085085
1.4085077
1.4084843
1.4084774
1.4084865
1.4084588
1.4084339
1.4084077
1.4083981
1.4083923
1.4084249
1.4084464
1.4084467
1.408432
1.4084275
1.4084279
1.4084344
1.4084541
1.4084225
1.408444
1.4084515
1.408428
1.4084279
1.4084352
1.408446
1.4084576
1.4084729
1.408487
1.4085013
1.4084985
1.4084921
1.4085221
1.4085219
1.4085035
1.4084867
1.4084863
1.4084702
1.408478
1.4084701
1.4084779
1.4084635
1.408442
1.4084091
1.4083983
1.4083986
1.4084081
1.4084042
1.4084038
1.4083996
1.4084232
1.4084635
1.4084589
1.4084751
1.4084541
1.408397
1.408392
1.4083757
1.4083494
1.4083463
1.408345
1.4083323
1.4083403
1.4083257
1.408321
1.4083511
1.4083697
1.4084048
1.4084088
1.4084065
1.4084304
1.4084302
1.4084187
1.4084304
1.4084376
1.4084351
1.408448
1.4084313
1.4084515
1.4084073
1.4083973
1.408409
1.4084391
1.4084639
1.4084694
1.4084894
1.4085135
1.4085393
1.4085389
1.4085324
1.4085345
1.4085443
1.4085583
1.4085693
1.4085747
1.4085697
1.4085772
1.4085767
1.4085416
1.4085344
1.4085483
1.4085472
1.4085438
1.4085509
1.408552
1.4085318
1.4085302
1.4085483
1.4085409
1.4085383
1.4085395
1.4084891
1.4085013
1.408487
1.4084707
1.4084085
1.4083924
1.4083871
1.4083996
1.4083873
1.4083878
1.4083853
1.4083691
1.4083536
1.408357
1.4083544
1.4083708
1.4083542
1.4083347
1.4083188
1.4083352
1.4083275
1.4083414
1.4083403
1.4083536
1.4083648
1.4083536
1.4083549
1.4083467
1.4083418
1.4083592
1.4083632
1.40836
1.4083628
1.4084018
1.4083827
1.4083901
1.4083899
1.4083612
1.4083756
1.4083637
1.4084033
1.4083837
1.4083945
1.4084158
1.4084375
1.4084271
1.4084686
1.4084605
1.4084679
1.4084581
1.408448
1.4084865
1.4084826
1.4084749
1.4084675
1.4084711
1.4084785
1.4084846
1.4085182
1.4085462
1.4085607
1.4085668
1.4085551
1.4085333
1.4085506
1.4085761
1.4085887
1.4085986
1.4085883
1.4085864
1.4086118
1.4086247
1.4086173
1.4085887
1.4086093
1.4086126
1.4086098
1.4085821
1.4085915
1.4086212
1.4086335
1.4086199
1.4086367
1.4086219
1.4086253
1.4086242
1.4086129
1.4085937
1.4085981
1.4085894
1.4085885
1.4086009
1.408584
1.4086013
1.4086054
1.4086125
1.4086366
1.4086476
1.4086649
1.4086836
1.4086912
1.4086869
1.4086822
1.4086758
1.4086809
1.408679
1.4086833
1.4086837
1.4086814
1.4086434
1.4086458
1.4086647
1.408639
1.4086476
1.4086411
1.4086231
1.4086375
1.4086364
1.4086651
1.4086861
1.4086911
1.4086757
1.4086775
1.4086423
1.4086299
1.408617
1.4086276
1.4086261
1.4086448
1.4086267
1.408632
1.4086049
1.4086058
1.4086288
1.4086049
1.4086219
1.4086453
1.4086482
1.4086057
1.4085962
1.4085914
1.4085584
1.4085489
1.4085462
1.4085681
1.4085601
1.4085704
1.4085832
1.4085882
1.4085727
1.408539
1.4085293
1.408511
1.4085441
1.4085693
1.4085964
1.4085918
1.4086052
1.4086092
1.40859
1.4085793
1.4085623
1.4085553
1.4085509
1.4085531
1.4085265
1.4085262
1.4085202
1.4085293
1.4085349
1.4085273
1.4085314
1.4085177
1.4085007
1.4085164
1.408512
1.4085015
1.4084962
1.4085437
1.4085601
1.4085622
1.4085628
1.4085573
1.4085476
1.408558
1.4085959
1.4086077
1.4085991
1.4085801
1.4085749
1.4085795
1.4085843
1.4085873
1.4085872
1.4085714
1.4086053
1.4085934
1.4086086
1.4086148
1.4086271
1.4086313
1.4086396
1.408638
1.40866
1.408661
1.4086295
1.4086339
1.4086676
1.4086789
1.4086797
1.4086817
1.4086669
1.4086579
1.4086719
1.4086508
1.4086317
1.4086087
1.4086148
1.4086183
1.4086072
1.408627
1.4086051
1.4085893
1.4085987
1.4086173
1.4085913
1.4086199
1.4086269
1.4086297
1.4086201
1.4086413
1.4086295
1.4086295
1.4086213
1.4086217
1.4086221
1.4086524
1.4086503
1.4086486
1.4086318
1.4086049
1.4086224
1.4086124
1.4086397
1.4086426
1.4086364
1.4086152
1.4086177
1.408598
1.4085979
1.408589
1.4086148
1.4086081
1.408638
1.4086317
1.4086484
1.4086527
1.4086582
1.4086505
1.4086341
1.4086153
1.4086055
1.408602
1.408587
1.4085615
1.408538
1.4085246
1.4085392
1.4085547
1.408537
1.4085415
1.4085581
1.4085794
1.4085843
1.4085811
1.4085678
1.4085564
1.40856
1.4085838
1.4085728
1.4085359
1.4085699
1.4085648
1.4085972
1.408581
1.4085843
1.4085795
1.4085601
1.4085552
1.4085196
1.4085246
1.408498
1.4085095
1.4085103
1.4085091
1.4085196
1.4085277
1.4085253
1.4085605
1.4085868
1.4085771
1.4085471
1.4085391
1.4085149
1.4085279
1.4085224
1.4085153
1.4085412
1.4085014
1.4084957
1.4084987
1.4085121
1.4085108
1.4085225
1.4085274
1.4085107
1.4084878
1.4084603
1.408472
1.4084722
1.4084981
1.4084726
1.4084848
1.4085013
1.4085085
1.4085107
1.4085124
1.4085146
1.4084992
1.4085209
1.4085569
1.4085629
1.4085867
1.4085901
1.408552
1.4085534
1.4085385
1.4085411
1.4085594
1.408571
1.40857
1.4085622
1.408563
1.4085851
1.4085983
1.4086079
1.4086205
1.4086127
1.4085939
1.4085845
1.4085464
1.4085365
1.4085404
1.4085502
1.4085482
1.4085394
1.4085451
1.4085295
1.4085506
1.4085678
1.4085633
1.4085725
1.4085726
1.4085657
1.4085845
1.4085913
1.4085822
1.4085773
1.4085743
1.408541
1.4085706
1.4085428
1.4085154
1.4085103
1.4085016
1.4085388
1.4085388
1.408508
1.4084982
1.4084524
1.4084347
1.408444
1.4084544
1.4084483
1.4084276
1.4083987
1.4083849
1.4084139
1.4084254
1.4084322
1.408414
1.4084212
1.4084407
1.408411
1.4084205
1.4084233
1.4084455
1.408428
1.4084064
1.408444
1.4084615
1.4084551
1.4084467
1.4084439
1.4084348
1.4084627
1.4084503
1.4084655
1.4084716
1.408482
1.4084824
1.4084959
1.4084802
1.4084562
1.4084558
1.4084678
1.4084584
1.4084452
1.4084554
1.4084679
1.4084796
1.4084858
1.4084671
1.4084517
1.4084819
1.408461
1.4084777
1.4084444
1.4084612
1.4084824
1.4084912
1.4084885
1.4085134
1.4085101
1.4085031
1.4085279
1.4085392
1.408506
1.4085182
1.4085347
1.4085464
1.4085415
1.4085646
1.4085589
1.4085258
1.4085117
1.4085151
1.4085389
1.4085503
1.408558
1.408531
1.4085353
1.4085406
1.4085633
1.4085511
1.4085133
1.4085225
1.408546
1.4085511
1.4085461
1.4085204
1.4085173
1.4085344
1.408562
1.4085878
1.4085734
1.4085743
1.4085683
1.4085695
1.4085866
1.408608
1.4085822
1.4085912
1.408584
1.4085716
1.4085672
1.4085745
1.4085761
1.4085572
1.4085572
1.4085491
1.4085581
1.408563
1.4085502
1.4085365
1.4085538
1.4085231
1.4085174
1.4085129
1.4085089
1.4085037
1.4085132
1.40853
1.4085457
1.4085532
1.4085455
1.4085455
1.408555
1.4085417
1.408544
1.4085275
1.4085148
1.4085082
1.408527
1.4085226
1.4085175
1.4085309
1.4085348
1.4085434
1.4085539
1.40856
1.4085652
1.4085774
1.4085653
1.4085774
1.4085863
1.4086081
1.4085773
1.4085557
1.4085489
1.4085465
1.408579
1.4085707
1.4085772
1.4085531
1.4085208
1.4084751
1.4084848
1.4084751
1.4084638
1.4084445
1.408439
1.4084433
1.4084889
1.408496
1.4084987
1.4085176
1.4085438
1.4085459
1.4085534
1.4085754
1.4085497
1.4085329
1.408542
1.408527
1.4085225
1.4084895
1.4085201
1.4084931
1.4085322
1.40852
1.4085187
1.4085262
1.4085254
1.4085037
1.408496
1.4085082
1.4085085
1.4084921
1.4084566
1.4084518
1.4084752
1.4084785
1.4084655
1.4084566
1.4084124
1.4084102
1.4083981
1.4083973
1.4084112
1.4084371
1.4084353
1.4084748
1.4084653
1.4084381
1.4084082
1.408387
1.4083592
1.4083376
1.4083551
1.4083491
1.4083518
1.40835
1.4083466
1.4083449
1.4083663
1.4083405
1.4083163
1.4083105
1.4082992
1.4083055
1.4083229
1.4083259
1.408328
1.4083149
1.4083023
1.4083006
1.4083008
1.4083127
1.4083174
1.4083012
1.4083025
1.4082787
1.4082828
1.408264
1.4082483
1.4082305
1.4082407
1.4082214
1.4081909
1.408186
1.40818
1.4081625
1.4081499
1.4081649
1.4081538
1.4081251
1.4081343
1.4081529
1.4081197
1.4081223
1.408111
1.4080977
1.4081386
1.4081404
1.4081494
1.4081604
1.4081617
1.4081791
1.4081624
1.4081777
1.4081785
1.4081788
1.4081732
1.4081574
1.4081748
1.4081982
1.4082169
1.4082121
1.4082104
1.4082071
1.4081721
1.4081956
1.408197
1.4082032
1.4082072
1.4082151
1.4082595
1.4082604
1.4082998
1.4083024
1.4083139
1.4083301
1.4083381
1.4082999
1.4082737
1.4082979
1.4082776
1.4082939
1.4082984
1.4082905
1.4082972
1.4083026
1.4083165
1.4083351
1.408336
1.4083422
1.4083609
1.4083403
1.4083423
1.4083546
1.4083403
1.4083403
1.4083614
1.4083759
1.4083878
1.4083706
1.4083622
1.4083797
1.4084163
1.4083988
1.4084062
1.4083806
1.4083789
1.4083889
1.4083939
1.408389
1.4084193
1.4084442
1.4084183
1.408409
1.4084095
1.4083893
1.4083995
1.4083901
1.4083754
1.4083877
1.4084017
1.4083679
1.4083571
1.4083744
1.4083926
1.4083975
1.4084061
1.4083807
1.4083522
1.4083591
1.408368
1.4083689
1.4083727
1.4083798
1.4083893
1.4084043
1.4084044
1.4084211
1.4084117
1.4083926
1.4083928
1.4083901
1.4083765
1.4083871
1.4084005
1.4084295
1.4084377
1.4084133
1.408413
1.4084123
1.4084081
1.4084409
1.4084336
1.4084369
1.4084399
1.4084368
1.4084093
1.408415
1.4083765
1.4083849
1.4083715
1.4083615
1.4083454
1.4083757
1.4083835
1.4083823
1.4083765
1.4083278
1.4083302
1.4083306
1.4083308
1.4083355
1.408345
1.4083757
1.4083624
1.4083852
1.4083666
1.4083569
1.4083831
1.4083639
1.4083879
1.4083855
1.4083569
1.408399
1.4084285
1.4084611
1.4084489
1.4084655
1.408495
1.4084839
1.4085078
1.4085011
1.4085143
1.4084993
1.4085014
1.4084851
1.4084646
1.4084765
1.4085033
1.4085301
1.4085531
1.4085372
1.4085488
1.408542
1.4085373
1.4085272
1.4085129
1.4085462
1.4085723
1.408561
1.4085482
1.4085711
1.4085421
1.4085433
1.4085583
1.4085384
1.4085238
1.4085104
1.4085031
1.40849
1.4085146
1.4085098
1.4084914
1.4084889
1.4084679
