0 0 0
0.064633 0 0
0.129266 0 0
0.193899 0 0
0.258532 0 0
0.323165 0 0
0.387798 0 0
0.452431 0 0
0.517064 0 0
0.581697 0 0
0.64633 0 0
0.710963 0 0
0.775596 0 0
0.84023 0.000969866 0.000101321
0.904863 0.147599 0.00100046
0.969496 1.06617 0.00311076
1.03413 2.0402 0.00505086
1.09876 2.26839 0.0058484
1.16339 2.08855 0.00506601
1.22803 1.83731 0.00426019
1.29266 1.61169 0.00355131
1.35729 1.45231 0.00336258
1.42193 1.33616 0.00283866
1.48656 1.24635 0.00234855
1.55119 1.18845 0.00236378
1.61583 1.14243 0.0018064
1.68046 1.11439 0.00210651
1.74509 1.08868 0.00176329
1.80973 1.0755 0.00180451
1.87436 1.0636 0.00176236
1.93899 1.05863 0.00182695
2.00362 1.05763 0.00184812
2.06826 1.05481 0.00158243
2.13289 1.05268 0.00141355
2.19752 1.05104 0.00145919
2.26216 1.03977 0.00148029
2.32679 1.03764 0.00140443
2.39142 1.03283 0.00133159
2.45606 1.02717 0.00126373
2.52069 1.02057 0.00125229
2.58532 1.01717 0.00127775
2.64995 1.01325 0.00111104
2.71459 1.01184 0.00123091
2.77922 1.0075 0.00101519
2.84385 1.00693 0.00110109
2.90849 1.00209 0.00115615
2.97312 1.00044 0.00105813
3.03775 1.00129 0.00104281
3.10239 0.999961 0.00100519
3.16702 0.997777 0.000974191
3.23165 0.996514 0.00098868
3.29629 0.99608 0.000775379
3.36092 0.993618 0.000981725
3.42555 0.99293 0.000808308
3.49018 0.993969 0.000817257
3.55482 0.992468 0.000810783
3.61945 0.993096 0.000798393
3.68408 0.989483 0.000775033
3.74872 0.991245 0.000934695
3.81335 0.990155 0.000819404
3.87798 0.990016 0.000887729
3.94262 0.98816 0.000760356
4.00725 0.989924 0.000783278
4.07188 0.988059 0.000755501
4.13651 0.98883 0.000727667
4.20115 0.988446 0.000798493
4.26578 0.988147 0.000688521
4.33041 0.98756 0.000683236
4.39505 0.988328 0.000659037
4.45968 0.987117 0.000672965
4.52431 0.986996 0.000732231
4.58895 0.987152 0.000648431
4.65358 0.987512 0.000662064
4.71821 0.987394 0.000641546
4.78285 0.986891 0.000610033
4.84748 0.987508 0.000522294
4.91211 0.986991 0.000583212
4.97674 0.986421 0.000692549
5.04138 0.986 0.000586534
5.10601 0.985263 0.00060387
5.17064 0.986193 0.000557633
5.23528 0.98582 0.000586237
5.29991 0.986099 0.000510589
5.36454 0.986336 0.000495812
5.42918 0.986198 0.00055976
5.49381 0.986186 0.000527652
5.55844 0.985747 0.000459765
5.62307 0.985843 0.00052598
5.68771 0.985909 0.00052661
5.75234 0.985298 0.000544761
5.81697 0.985747 0.00041975
5.88161 0.986091 0.000467283
5.94624 0.986038 0.000515869
6.01087 0.986602 0.000507067
6.07551 0.986239 0.000523295
6.14014 0.98667 0.000530949
6.20477 0.985888 0.000461276
6.2694 0.985546 0.000444731
6.33404 0.985838 0.000432776
6.39867 0.986536 0.00039038
