1 0.0493036 0.0493036 0
2 0.0489173 0.0491105 0.000193189
3 0.0495663 0.0492624 0.000188502
4 0.0484891 0.0490691 0.000234827
5 0.0489607 0.0490474 0.000183184
6 0.0489314 0.0490281 0.000150815
7 0.0490749 0.0490347 0.000127637
8 0.0488409 0.0490105 0.000113161
9 0.0491276 0.0490235 0.000100643
10 0.0492562 0.0490468 9.29758e-05
11 0.0488552 0.0490294 8.58845e-05
12 0.0488531 0.0490147 7.97664e-05
13 0.0491828 0.0490276 7.45048e-05
14 0.0482386 0.0489712 8.90752e-05
15 0.0493338 0.0489954 8.63748e-05
16 0.0491497 0.0490051 8.13698e-05
17 0.0493325 0.0490243 7.88231e-05
18 0.0488316 0.0490136 7.50821e-05
19 0.0491849 0.0490226 7.15903e-05
20 0.0492562 0.0490343 6.89136e-05
21 0.0493216 0.049048 6.69626e-05
22 0.0489517 0.0490436 6.39962e-05
23 0.0489145 0.049038 6.14075e-05
24 0.0491243 0.0490416 5.89029e-05
25 0.0493263 0.049053 5.76337e-05
26 0.0492864 0.049062 5.60959e-05
27 0.0490066 0.0490599 5.40172e-05
28 0.0494429 0.0490736 5.38195e-05
29 0.0487549 0.0490626 5.30808e-05
30 0.0491871 0.0490668 5.14486e-05
31 0.0485552 0.0490502 5.24265e-05
32 0.0490451 0.0490501 5.0762e-05
33 0.0496385 0.0490679 5.2331e-05
34 0.0491483 0.0490703 5.08235e-05
35 0.0486461 0.0490582 5.08163e-05
36 0.04903 0.0490574 4.93907e-05
37 0.0490897 0.0490583 4.80453e-05
38 0.0484547 0.0490424 4.93871e-05
39 0.0486324 0.0490319 4.92393e-05
40 0.0486426 0.0490221 4.89691e-05
41 0.0494558 0.0490327 4.89173e-05
42 0.0489849 0.0490316 4.7752e-05
43 0.0495445 0.0490435 4.81298e-05
44 0.0491398 0.0490457 4.70741e-05
45 0.0488258 0.0490408 4.62747e-05
46 0.0487015 0.0490334 4.58547e-05
47 0.0488051 0.0490286 4.51307e-05
48 0.0492024 0.0490322 4.43287e-05
49 0.0486653 0.0490247 4.40555e-05
50 0.0490462 0.0490251 4.31675e-05
51 0.0488674 0.049022 4.24255e-05
52 0.048789 0.0490176 4.18423e-05
53 0.0494589 0.0490259 4.18816e-05
54 0.0490067 0.0490255 4.11002e-05
55 0.0489414 0.049024 4.0375e-05
56 0.0494562 0.0490317 4.03918e-05
57 0.0490029 0.0490312 3.968e-05
58 0.0489311 0.0490295 3.90281e-05
59 0.0491383 0.0490313 3.84052e-05
60 0.0494604 0.0490385 3.84309e-05
61 0.0489192 0.0490365 3.78462e-05
62 0.049036 0.0490365 3.72308e-05
63 0.0489236 0.0490347 3.66788e-05
64 0.0488225 0.0490314 3.62532e-05
65 0.0485465 0.0490239 3.64624e-05
66 0.0489472 0.0490228 3.59245e-05
67 0.0487554 0.0490188 3.56086e-05
68 0.0490038 0.0490186 3.50817e-05
69 0.0492229 0.0490215 3.46962e-05
70 0.0492983 0.0490255 3.44247e-05
71 0.0486137 0.0490197 3.44284e-05
72 0.0493655 0.0490245 3.4285e-05
73 0.0479883 0.0490103 3.66706e-05
74 0.0487638 0.049007 3.63247e-05
75 0.0483894 0.0489987 3.67708e-05
76 0.0486224 0.0489938 3.66202e-05
77 0.0487275 0.0489903 3.63065e-05
78 0.0491127 0.0489919 3.58724e-05
79 0.0488917 0.0489906 3.54381e-05
80 0.0490788 0.0489917 3.50096e-05
81 0.0492068 0.0489944 3.46765e-05
82 0.0501601 0.0490086 3.70841e-05
83 0.0482707 0.0489997 3.76978e-05
84 0.0490662 0.0490005 3.72548e-05
85 0.0485175 0.0489948 3.72497e-05
86 0.0490406 0.0489953 3.68179e-05
87 0.0489312 0.0489946 3.63997e-05
88 0.0497793 0.0490035 3.70721e-05
89 0.0487439 0.0490006 3.67691e-05
90 0.0491901 0.0490027 3.64192e-05
91 0.0492484 0.0490054 3.61178e-05
92 0.0490084 0.0490054 3.57231e-05
93 0.0492001 0.0490075 3.53988e-05
94 0.0489594 0.049007 3.50239e-05
95 0.0490008 0.049007 3.46533e-05
96 0.0489244 0.0490061 3.43012e-05
97 0.0492347 0.0490085 3.40275e-05
98 0.0495254 0.0490137 3.4089e-05
99 0.0488471 0.0490121 3.37849e-05
100 0.0493629 0.0490156 3.36288e-05
