1 -0.413777 -0.413777 0
2 -0.416843 -0.41531 0.00153266
3 -0.412536 -0.414385 0.00127992
4 -0.416761 -0.414979 0.00108249
5 -0.417423 -0.415468 0.000970558
6 -0.4138 -0.41519 0.000839809
7 -0.416523 -0.41538 0.00073487
8 -0.416047 -0.415463 0.000641845
9 -0.421856 -0.416174 0.000908249
10 -0.411672 -0.415724 0.000928759
11 -0.405283 -0.414774 0.00126753
12 -0.415936 -0.414871 0.00116113
13 -0.413281 -0.414749 0.00107507
14 -0.416779 -0.414894 0.00100583
15 -0.412457 -0.414732 0.000950363
16 -0.413421 -0.41465 0.000892748
17 -0.411319 -0.414454 0.000861175
18 -0.414157 -0.414437 0.000812091
19 -0.40989 -0.414198 0.000804573
20 -0.414772 -0.414227 0.000763823
21 -0.41688 -0.414353 0.00073745
22 -0.428026 -0.414974 0.000938447
23 -0.411478 -0.414822 0.000909515
24 -0.414826 -0.414823 0.000870794
25 -0.416873 -0.414905 0.000839252
26 -0.416997 -0.414985 0.000810335
27 -0.41687 -0.415055 0.000782864
28 -0.407772 -0.414795 0.00079797
29 -0.409605 -0.414616 0.000790482
30 -0.412171 -0.414534 0.000768015
31 -0.414405 -0.41453 0.000742839
32 -0.413975 -0.414513 0.00071946
33 -0.405349 -0.414235 0.00075058
34 -0.417694 -0.414337 0.000735243
35 -0.415718 -0.414376 0.000715018
36 -0.413462 -0.414351 0.000695336
37 -0.410693 -0.414252 0.000683469
38 -0.42045 -0.414415 0.000684944
39 -0.417125 -0.414485 0.000670758
40 -0.421153 -0.414651 0.000674696
41 -0.410188 -0.414543 0.00066698
42 -0.424347 -0.414776 0.000691499
43 -0.407653 -0.41461 0.000695247
44 -0.412082 -0.414553 0.000681687
45 -0.420801 -0.414692 0.000680679
46 -0.421924 -0.414849 0.000684032
47 -0.417822 -0.414912 0.000672303
48 -0.408678 -0.414782 0.000670841
49 -0.422071 -0.414931 0.000673638
50 -0.411182 -0.414856 0.000664272
51 -0.414352 -0.414846 0.000651192
52 -0.410359 -0.41476 0.00064435
53 -0.414735 -0.414759 0.000632076
54 -0.411067 -0.414691 0.000624017
55 -0.413571 -0.414671 0.000612905
56 -0.414785 -0.414673 0.000601864
57 -0.416573 -0.414706 0.00059215
58 -0.414597 -0.414704 0.000581854
59 -0.412719 -0.414671 0.000572897
60 -0.414224 -0.414663 0.000563317
61 -0.416224 -0.414689 0.000554596
62 -0.410277 -0.414618 0.000550197
63 -0.415713 -0.414635 0.000541673
64 -0.416261 -0.41466 0.000533747
65 -0.418098 -0.414713 0.000528126
66 -0.413329 -0.414692 0.000520485
67 -0.41233 -0.414657 0.000513869
68 -0.41953 -0.414729 0.000511301
69 -0.411699 -0.414685 0.000505746
70 -0.408726 -0.4146 0.000505686
71 -0.415078 -0.414606 0.000498558
72 -0.410022 -0.414543 0.000495691
73 -0.411019 -0.414494 0.000491231
74 -0.41096 -0.414447 0.000486896
75 -0.421886 -0.414546 0.000490494
76 -0.423438 -0.414663 0.000497939
77 -0.418209 -0.414709 0.000493583
78 -0.406485 -0.414603 0.000498491
79 -0.415173 -0.414611 0.000492194
80 -0.409968 -0.414553 0.000489455
81 -0.410819 -0.414507 0.000485567
82 -0.406864 -0.414413 0.000488581
83 -0.419556 -0.414475 0.000486619
84 -0.41374 -0.414467 0.000480871
85 -0.42285 -0.414565 0.000485308
86 -0.410433 -0.414517 0.000482032
87 -0.410778 -0.414474 0.000478394
88 -0.414437 -0.414474 0.000472927
89 -0.410903 -0.414434 0.000469301
90 -0.41266 -0.414414 0.000464476
91 -0.41508 -0.414421 0.000459402
92 -0.413214 -0.414408 0.00045457
93 -0.408779 -0.414348 0.000453711
94 -0.411373 -0.414316 0.000449972
95 -0.415172 -0.414325 0.000445302
96 -0.421015 -0.414395 0.000446116
97 -0.414024 -0.414391 0.00044151
98 -0.416068 -0.414408 0.000437316
99 -0.41143 -0.414378 0.00043392
100 -0.410484 -0.414339 0.00043132
