0 0.122649 0.169918
1 0.0839539 0.159259
2 0.133804 0.0534795
3 0.233157 0.193293
4 0.257893 0.239268
5 0.501858 0.024284
6 0.67838 0.0982145
7 0.705029 0.0860072
8 0.776048 0.0211376
9 0.813285 0.0179424
10 0.713423 0.111777
11 0.651955 0.213852
12 0.729649 0.331166
13 0.686006 0.369351
14 0.479138 0.49426
15 0.477115 0.571835
16 0.471797 0.584917
17 0.616809 0.580468
18 0.931865 0.754052
19 0.918855 0.939875
20 0.765764 0.970267
21 0.656019 0.905484
22 0.577269 0.840005
23 0.493226 0.756047
24 0.371496 0.836567
25 0.22611 0.99461
26 0.0646429 0.754654
27 0.12096 0.680137
28 0.279233 0.545858
29 0.168325 0.572439
30 0.0173017 0.583179
31 0.0527608 0.453507
32 0.122649 0.169918
