1.82355
1.74591
1.81053
1.61575
1.70279
1.66848
1.54571
1.68974
1.6344
1.6253
1.71199
1.78367
1.5159
1.83151
1.70178
1.60884
1.61046
1.71755
1.82946
1.71371
1.60543
1.6238
1.68372
1.68772
1.73008
1.49192
1.74188
1.54135
1.56614
1.56538
1.60666
1.68244
1.70571
1.66775
1.66821
1.65124
1.73706
1.64939
1.7113
1.63226
1.6422
1.66052
1.68431
1.62794
1.65841
1.58693
1.61072
1.60414
1.53263
1.54835
1.60116
1.59583
1.64146
1.60141
1.62569
1.72797
1.63695
1.82386
1.85168
1.50894
1.70551
1.63801
1.61287
1.64611
1.69034
1.59539
1.6843
1.62384
1.66596
1.83395
1.65657
1.60069
1.72912
1.71191
1.64366
1.63917
1.58629
1.56614
1.62292
1.63394
1.67585
1.65764
1.72763
1.59193
1.73823
1.71632
1.75576
1.57329
1.52223
1.7728
1.78753
1.70187
1.57164
1.68752
1.67993
1.75502
1.74994
1.44772
1.64528
1.662
1.74242
1.64497
1.69387
1.68149
1.83685
1.58803
1.62706
1.69168
1.64326
1.69063
1.66076
1.72855
1.71146
1.66974
1.66928
1.61625
1.52838
1.71947
1.66515
1.78411
1.7587
1.7565
1.70821
1.62479
1.60929
1.61302
1.76489
1.66197
1.68713
1.60841
1.56562
1.61981
1.49736
1.62895
1.73171
1.66748
1.53727
1.78787
1.63659
1.54858
1.6504
1.6942
1.75823
1.75334
1.55853
1.73136
1.58599
1.67358
1.64756
1.57352
1.50223
1.82454
1.46535
1.6319
1.66722
1.63971
1.48614
1.64163
1.67039
1.79182
1.75899
1.64827
1.75237
1.78467
1.75211
1.64955
1.82688
1.672
1.59988
1.6357
1.65118
1.62585
1.57896
1.63254
1.62337
1.55288
1.5976
1.75606
1.66809
1.52752
1.74233
1.67515
1.66992
1.63577
1.687
1.79243
1.59786
1.67761
1.69532
1.62512
1.62202
1.64905
1.69429
1.63668
1.63087
1.60655
1.57904
1.55467
1.73062
1.65717
1.53245
1.61876
1.67311
1.72704
1.66024
1.58197
1.46918
1.57471
1.55965
1.75461
1.65982
1.84744
1.61211
1.59294
1.61752
1.65633
1.70692
1.63361
1.71551
1.55362
1.68707
1.60911
1.60601
1.72926
1.55258
1.46172
1.6146
1.64155
1.65347
1.58918
1.69436
1.55679
1.53096
1.64826
1.66847
1.68369
1.71044
1.74671
1.63063
1.44639
1.50981
1.77283
1.73908
1.68285
1.70714
1.63862
1.66203
1.63838
1.73149
1.65078
1.65206
1.5489
1.64435
1.62441
1.66301
1.65932
1.55422
1.70866
1.48288
1.73793
1.62708
1.77293
1.74415
1.60986
1.68794
1.68107
1.66295
1.68292
1.70791
1.73182
1.74458
1.70103
1.64721
1.52389
1.56146
1.80664
1.56166
1.64016
1.66343
1.66134
1.66665
1.6408
1.58769
1.67226
1.67177
1.61474
1.54474
1.74741
1.58099
1.54647
1.66845
1.71665
1.71525
1.68345
1.74822
1.7228
1.64885
1.47189
1.58501
1.58278
1.72248
1.57081
1.73103
1.56167
1.66815
1.62024
1.66707
1.62753
1.6378
1.66215
1.6052
1.61836
1.58164
1.66477
1.59113
1.62803
1.41227
1.67436
1.63049
1.72371
1.57436
1.49212
1.64959
1.67279
1.64808
1.6731
1.78562
1.65445
1.63064
1.59287
1.6642
1.80272
1.71598
1.8289
1.70498
1.67872
1.52054
1.54414
1.67468
1.54677
1.59913
1.72928
1.73748
1.84248
1.67969
1.62159
1.74952
1.78476
1.62
1.70076
1.69472
1.646
1.72966
1.60785
1.68728
1.71134
1.57046
1.60198
1.62016
1.67794
1.81482
1.68285
1.6765
1.64517
1.66263
1.63375
1.59614
1.6898
1.63869
1.55238
1.64438
1.61835
1.59915
1.67146
1.60487
1.61301
1.56533
1.77829
1.71891
1.6198
1.59116
1.52763
1.6881
1.69692
1.60818
1.57787
1.54839
1.62574
1.78479
1.62634
1.58816
1.62912
1.61828
1.65588
1.64672
1.60386
1.61551
1.61781
1.67448
1.54521
1.75344
1.64016
1.56518
1.66385
1.64754
1.6979
1.65573
1.74473
1.76628
1.71214
1.7536
1.68053
1.71889
1.72966
1.70054
1.6153
1.77652
1.71796
1.66297
1.55897
1.67039
1.65937
1.6688
1.67999
1.57745
1.59667
1.61729
1.75326
1.56585
1.73717
1.63001
1.76041
1.66973
1.5907
1.71634
1.62703
1.61234
1.69459
1.61445
1.65168
1.76456
1.5951
1.52305
1.63184
1.60869
1.69118
1.71763
1.66492
1.62334
1.56337
1.63844
1.75257
1.75263
1.53982
1.52574
1.61694
1.44332
1.67673
1.65121
1.54051
1.58298
1.52094
1.52143
1.55971
1.6098
1.61596
1.64521
1.52579
1.53287
1.603
1.65674
1.59325
1.72137
1.45224
1.66494
1.60872
1.70427
1.73197
1.69708
1.65084
1.5657
1.5574
1.79519
1.6936
1.6563
1.65811
1.66992
1.62769
1.69245
1.71394
1.55494
1.67862
1.64323
1.69924
1.61019
1.68941
1.71752
1.66914
1.77216
1.69653
1.71917
1.81739
1.54914
1.56153
1.65731
1.68807
1.76793
1.73293
1.74777
1.65459
1.68972
1.60411
1.85416
1.56658
1.70075
1.5486
1.5766
1.65666
1.66401
1.73438
1.70149
1.75783
1.67726
1.5321
1.54353
1.60742
1.62213
1.52614
1.54614
1.58682
1.67467
1.5122
1.67685
1.62159
1.66288
1.67181
1.75891
1.7148
1.59132
1.72285
1.8005
1.56744
1.79791
1.61615
1.59184
1.67013
1.69368
1.72564
1.59383
1.68825
1.76796
1.66806
1.71572
1.66847
1.72732
1.68513
1.8042
1.71861
1.49502
1.61037
1.74091
1.61444
1.62699
1.53226
1.7402
1.77552
1.79921
1.58367
1.63833
1.64264
1.66868
1.76799
1.74458
1.73798
1.72631
1.64909
1.61253
1.75632
1.79129
1.70895
1.67407
1.64958
1.56823
1.65336
1.67685
1.75726
1.63691
1.58033
1.65973
1.74425
1.70622
1.70784
1.63126
1.52905
1.65757
1.59475
1.69346
1.61753
1.72574
1.72894
1.72692
1.81912
1.57423
1.56724
1.71234
1.71484
1.5303
1.60693
1.75837
1.66819
1.72206
1.58993
1.67771
1.67967
1.68835
1.61209
1.54735
1.68973
1.61875
1.6753
1.5123
1.71675
1.73491
1.62946
1.55405
1.58451
1.75858
1.62346
1.61603
1.78277
1.70697
1.46
1.68483
1.59988
1.58154
1.6817
1.58521
1.71549
1.62391
1.68325
1.58899
1.68604
1.72789
1.62756
1.62834
1.53005
1.47959
1.52262
1.53458
1.67621
1.59295
1.6891
1.64176
1.64568
1.70006
1.56286
1.74539
1.6757
1.71424
1.73687
1.67181
1.72843
1.64772
1.71294
1.64722
1.62763
1.60361
1.30342
1.5878
1.61861
1.71944
1.65925
1.61222
1.60046
1.6286
1.61395
1.69879
1.5539
1.63607
1.64635
1.59606
1.61294
1.60511
1.59699
1.55983
1.51817
1.54925
1.64196
1.68718
1.77204
1.65293
1.69444
1.61488
1.72207
1.58701
1.53955
1.69011
1.51514
1.60626
1.76798
1.63334
1.71239
1.59884
1.68843
1.48533
1.53507
1.71031
1.70489
1.76138
1.64625
1.59668
1.67963
1.71802
1.6609
1.58079
1.65753
1.74559
1.61481
1.87469
1.72092
1.55564
1.59334
1.66439
1.67619
1.60077
1.7972
1.68426
1.63061
1.59562
1.63799
1.76866
1.7547
1.61425
1.66806
1.62259
1.74762
1.87044
1.68297
1.65461
1.72575
1.52634
1.73894
1.6767
1.65089
1.59207
1.58281
1.75846
1.71978
1.60441
1.81861
1.54831
1.7108
1.7119
1.72812
1.71551
1.75797
1.69857
1.7005
1.55294
1.74485
1.67783
1.68612
1.57965
1.58024
1.8182
1.64942
1.55297
1.76614
1.67512
1.54634
1.63575
1.6409
1.54212
1.67328
1.69981
1.62016
1.63729
1.6548
1.67696
1.71074
1.66952
1.53233
1.73293
1.74122
1.7227
1.74144
1.59215
1.73363
1.74492
1.73568
1.76009
1.75084
1.69646
1.60716
1.68102
1.74787
1.68573
1.74204
1.59745
1.71917
1.6688
1.67155
1.75366
1.73132
1.65805
1.75458
1.72635
1.70959
1.6549
1.66264
1.56438
1.60488
1.68064
1.59967
1.69166
1.66423
1.63827
1.77411
1.65202
1.71127
1.73948
1.5837
1.7641
1.59451
1.71214
1.72518
1.594
1.73916
1.6572
1.69151
1.56207
1.56314
1.55673
1.7283
1.71466
1.75201
1.71131
1.61032
1.70279
1.59811
1.68563
1.69004
1.58366
1.65861
1.71704
1.72903
1.61481
1.62573
1.59409
1.74658
1.74373
1.69743
1.60149
1.76251
1.72249
1.70568
1.53021
1.61434
1.68381
1.65923
1.61798
1.78874
1.67456
1.6427
1.56201
1.61615
1.63398
1.59959
1.62628
1.7716
1.53106
1.68335
1.60279
1.58667
1.59364
1.65508
1.61099
1.78208
1.61096
1.81416
1.65474
1.66249
1.71245
1.71347
1.78534
1.61585
1.64508
1.5524
1.80792
1.90485
1.76412
1.59604
1.71151
1.64196
1.59477
1.72296
1.63926
1.69466
1.71959
1.80023
1.787
1.67254
1.57345
1.6241
1.70134
1.69063
1.54848
1.68638
1.63241
1.68381
1.44691
1.70731
1.71216
1.55876
1.71465
1.63701
1.64051
1.59109
1.54768
1.57934
1.66344
1.71449
1.77457
1.71983
1.65433
1.70012
1.62863
1.65591
1.67422
1.62854
1.64762
1.65877
1.65761
1.62335
1.47979
1.59744
1.64673
1.58125
1.69643
1.613
1.80586
1.786
1.63315
1.58126
1.65057
1.60984
1.66615
1.71507
1.75835
1.59089
1.55076
1.5877
1.79674
1.7585
1.57194
1.69269
1.86104
1.82351
1.61662
1.66334
1.72016
1.64785
1.59151
1.6421
1.66296
1.72782
1.7473
1.64395
1.71618
1.58484
1.69147
1.68026
1.733
1.6125
1.54089
1.5793
1.75207
1.5358
1.61053
1.61651
1.73856
1.70665
1.67686
1.62711
1.74069
1.5951
1.67737
1.72928
1.67193
1.71872
1.56268
1.68769
1.72349
1.59856
1.63184
1.56976
1.49979
1.65148
1.6148
1.59185
