1.2157
1.16394
1.20702
1.07716
1.13519
1.11232
1.03047
1.12649
1.0896
1.08353
1.14133
1.18912
1.0106
1.22101
1.13452
1.07256
1.07364
1.14503
1.21964
1.14248
1.07028
1.08253
1.12248
1.12515
1.15339
0.994614
1.16125
1.02757
1.0441
1.04359
1.07111
1.12163
1.13714
1.11183
1.11214
1.10082
1.15804
1.09959
1.14087
1.08817
1.0948
1.10702
1.12287
1.08529
1.10561
1.05796
1.07381
1.06942
1.02176
1.03223
1.06744
1.06389
1.0943
1.06761
1.08379
1.15198
1.0913
1.21591
1.23445
1.00596
1.13701
1.09201
1.07525
1.0974
1.1269
1.06359
1.12287
1.08256
1.11064
1.22264
1.10438
1.06713
1.15274
1.14127
1.09577
1.09278
1.05752
1.04409
1.08195
1.0893
1.11724
1.10509
1.15175
1.06128
1.15882
1.14421
1.17051
1.04886
1.01482
1.18187
1.19168
1.13458
1.04776
1.12501
1.11995
1.17002
1.16663
0.965144
1.09685
1.108
1.16161
1.09665
1.12925
1.12099
1.22456
1.05869
1.0847
1.12779
1.09551
1.12709
1.10717
1.15236
1.14098
1.11316
1.11285
1.0775
1.01892
1.14631
1.1101
1.18941
1.17246
1.171
1.13881
1.08319
1.07286
1.07534
1.1766
1.10798
1.12475
1.07227
1.04374
1.07987
0.998242
1.08597
1.15447
1.11165
1.02485
1.19191
1.09106
1.03239
1.10027
1.12947
1.17215
1.16889
1.03902
1.15424
1.05733
1.11572
1.09837
1.04902
1.00149
1.21636
0.976902
1.08793
1.11148
1.09314
0.990759
1.09442
1.11359
1.19455
1.17266
1.09885
1.16825
1.18978
1.16807
1.0997
1.21792
1.11467
1.06659
1.09047
1.10079
1.0839
1.05264
1.08836
1.08225
1.03525
1.06507
1.1707
1.11206
1.01834
1.16156
1.11677
1.11328
1.09052
1.12467
1.19495
1.06524
1.11841
1.13022
1.08341
1.08135
1.09937
1.12953
1.09112
1.08725
1.07103
1.05269
1.03645
1.15375
1.10478
1.02163
1.07917
1.11541
1.15136
1.10682
1.05464
0.979455
1.04981
1.03976
1.16974
1.10654
1.23163
1.07474
1.06196
1.07834
1.10422
1.13795
1.08907
1.14367
1.03575
1.12471
1.07274
1.07067
1.15284
1.03506
0.974483
1.0764
1.09436
1.10231
1.05945
1.12958
1.03786
1.02064
1.09884
1.11232
1.12246
1.14029
1.16447
1.08709
0.964258
1.00654
1.18189
1.15938
1.1219
1.13809
1.09241
1.10802
1.09225
1.15433
1.10052
1.10138
1.0326
1.09623
1.08294
1.10868
1.10621
1.03615
1.13911
0.988588
1.15862
1.08472
1.18195
1.16277
1.07324
1.12529
1.12071
1.10863
1.12195
1.13861
1.15455
1.16305
1.13402
1.09814
1.01593
1.04098
1.20443
1.04111
1.09344
1.10895
1.10756
1.1111
1.09386
1.05846
1.11484
1.11452
1.0765
1.02983
1.16494
1.05399
1.03098
1.1123
1.14443
1.1435
1.1223
1.16548
1.14854
1.09924
0.981262
1.05667
1.05519
1.14832
1.04721
1.15402
1.04112
1.1121
1.08016
1.11138
1.08502
1.09187
1.1081
1.07013
1.07891
1.05442
1.10985
1.06076
1.08536
0.941515
1.11624
1.08699
1.14914
1.04957
0.994749
1.09973
1.11519
1.09872
1.1154
1.19042
1.10297
1.0871
1.06192
1.10946
1.20181
1.14399
1.21927
1.13665
1.11915
1.01369
1.02943
1.11645
1.03118
1.06609
1.15285
1.15832
1.22832
1.11979
1.08106
1.16635
1.18984
1.08
1.13384
1.12981
1.09733
1.15311
1.0719
1.12486
1.14089
1.04698
1.06798
1.0801
1.11863
1.20988
1.1219
1.11767
1.09678
1.10842
1.08917
1.06409
1.12653
1.09246
1.03492
1.09625
1.0789
1.0661
1.11431
1.06991
1.07534
1.04355
1.18553
1.14594
1.07987
1.06077
1.01842
1.1254
1.13128
1.07212
1.05191
1.03226
1.08383
1.18986
1.08423
1.05878
1.08608
1.07885
1.10392
1.09781
1.06924
1.07701
1.07854
1.11632
1.03014
1.16896
1.09344
1.04345
1.10924
1.09836
1.13193
1.10382
1.16315
1.17752
1.14142
1.16907
1.12035
1.14593
1.15311
1.13369
1.07687
1.18435
1.14531
1.10864
1.03931
1.11359
1.10625
1.11253
1.11999
1.05163
1.06444
1.07819
1.16884
1.0439
1.15811
1.08667
1.1736
1.11315
1.06047
1.14423
1.08469
1.07489
1.12972
1.0763
1.10112
1.17638
1.0634
1.01537
1.08789
1.07246
1.12745
1.14508
1.10995
1.08223
1.04225
1.09229
1.16838
1.16842
1.02655
1.01716
1.07796
0.962214
1.11782
1.10081
1.02701
1.05532
1.01396
1.01428
1.03981
1.0732
1.07731
1.09681
1.01719
1.02191
1.06866
1.1045
1.06217
1.14758
0.968157
1.10996
1.07248
1.13618
1.15465
1.13139
1.10056
1.0438
1.03827
1.1968
1.12907
1.1042
1.10541
1.11328
1.08513
1.1283
1.14262
1.03663
1.11908
1.09549
1.13283
1.07346
1.12628
1.14501
1.11276
1.18144
1.13102
1.14612
1.21159
1.03276
1.04102
1.10487
1.12538
1.17862
1.15528
1.16518
1.10306
1.12648
1.0694
1.23611
1.04439
1.13383
1.0324
1.05107
1.10444
1.10934
1.15626
1.13433
1.17189
1.11817
1.0214
1.02902
1.07161
1.08142
1.01742
1.03076
1.05788
1.11645
1.00813
1.1179
1.08106
1.10859
1.11454
1.1726
1.1432
1.06088
1.14856
1.20033
1.04496
1.19861
1.07744
1.06122
1.11342
1.12912
1.15043
1.06255
1.1255
1.17864
1.11204
1.14382
1.11232
1.15155
1.12342
1.2028
1.14574
0.996683
1.07358
1.1606
1.07629
1.08466
1.02151
1.16014
1.18368
1.19947
1.05578
1.09222
1.09509
1.11245
1.17866
1.16305
1.15866
1.15088
1.0994
1.07502
1.17088
1.19419
1.1393
1.11605
1.09972
1.04549
1.10224
1.1179
1.17151
1.09127
1.05355
1.10649
1.16283
1.13748
1.13856
1.08751
1.01937
1.10505
1.06317
1.12897
1.07836
1.15049
1.15262
1.15128
1.21274
1.04949
1.04483
1.14156
1.14323
1.0202
1.07129
1.17225
1.11213
1.14804
1.05995
1.11847
1.11978
1.12557
1.07472
1.03156
1.12649
1.07917
1.11687
1.0082
1.1445
1.15661
1.08631
1.03603
1.05634
1.17238
1.08231
1.07736
1.18852
1.13798
0.97333
1.12322
1.06659
1.05436
1.12113
1.0568
1.14366
1.08261
1.12216
1.05932
1.12403
1.15192
1.08504
1.08556
1.02004
0.986395
1.01508
1.02306
1.11747
1.06197
1.12606
1.09451
1.09712
1.13337
1.04191
1.16359
1.11713
1.14283
1.15791
1.11454
1.15228
1.09848
1.14196
1.09814
1.08509
1.06907
0.868947
1.05853
1.07908
1.14629
1.10616
1.07482
1.06698
1.08573
1.07597
1.13253
1.03593
1.09071
1.09756
1.06404
1.07529
1.07007
1.06466
1.03989
1.01212
1.03283
1.09464
1.12479
1.18136
1.10196
1.12963
1.07659
1.14805
1.05801
1.02637
1.12674
1.0101
1.07084
1.17865
1.08889
1.1416
1.0659
1.12562
0.99022
1.02338
1.1402
1.13659
1.17425
1.0975
1.06446
1.11975
1.14535
1.10727
1.05386
1.10502
1.16373
1.07654
1.24979
1.14728
1.0371
1.06223
1.10959
1.11746
1.06718
1.19813
1.12284
1.08707
1.06375
1.092
1.17911
1.1698
1.07617
1.11204
1.08173
1.16508
1.24696
1.12198
1.10307
1.1505
1.01756
1.15929
1.1178
1.10059
1.06138
1.05521
1.1723
1.14652
1.06961
1.21241
1.0322
1.14053
1.14127
1.15208
1.14368
1.17198
1.13238
1.13366
1.03529
1.16324
1.11855
1.12408
1.0531
1.05349
1.21213
1.09962
1.03532
1.17743
1.11675
1.03089
1.0905
1.09393
1.02808
1.11552
1.13321
1.0801
1.09153
1.1032
1.11798
1.14049
1.11302
1.02155
1.15529
1.16081
1.14847
1.16096
1.06144
1.15576
1.16328
1.15712
1.17339
1.16722
1.13098
1.07144
1.12068
1.16524
1.12382
1.16136
1.06497
1.14611
1.11253
1.11436
1.16911
1.15421
1.10537
1.16972
1.1509
1.13972
1.10327
1.10843
1.04292
1.06992
1.12042
1.06645
1.12777
1.10948
1.09218
1.18274
1.10134
1.14085
1.15965
1.0558
1.17607
1.063
1.14143
1.15012
1.06267
1.15944
1.1048
1.12767
1.04138
1.04209
1.03782
1.1522
1.14311
1.168
1.14087
1.07355
1.13519
1.06541
1.12375
1.12669
1.05578
1.10574
1.14469
1.15268
1.07654
1.08382
1.06272
1.16439
1.16249
1.13162
1.06766
1.17501
1.14833
1.13712
1.02014
1.07623
1.12254
1.10616
1.07865
1.19249
1.11637
1.09514
1.04134
1.07744
1.08932
1.06639
1.08419
1.18107
1.0207
1.12223
1.06853
1.05778
1.06243
1.10338
1.07399
1.18805
1.07398
1.20944
1.10316
1.10833
1.14163
1.14231
1.19023
1.07724
1.09672
1.03493
1.20528
1.2699
1.17608
1.06402
1.14101
1.09464
1.06318
1.14864
1.09284
1.12977
1.14639
1.20015
1.19134
1.11503
1.04896
1.08273
1.13422
1.12709
1.03232
1.12426
1.08828
1.12254
0.964607
1.13821
1.14144
1.03917
1.1431
1.09134
1.09367
1.06072
1.03179
1.0529
1.10896
1.14299
1.18305
1.14655
1.10289
1.13342
1.08575
1.10394
1.11615
1.08569
1.09841
1.10585
1.10507
1.08223
0.986524
1.06496
1.09782
1.05417
1.13095
1.07533
1.20391
1.19066
1.08876
1.05417
1.10038
1.07323
1.11077
1.14338
1.17223
1.06059
1.03384
1.05847
1.19783
1.17234
1.04796
1.12846
1.24069
1.21568
1.07775
1.1089
1.14677
1.09856
1.06101
1.09473
1.10864
1.15188
1.16487
1.09597
1.14412
1.05656
1.12764
1.12018
1.15533
1.075
1.02726
1.05287
1.16805
1.02387
1.07368
1.07767
1.15904
1.13777
1.11791
1.08474
1.16046
1.0634
1.11825
1.15286
1.11462
1.14581
1.04179
1.12512
1.14899
1.06571
1.0879
1.04651
0.999857
1.10099
1.07653
1.06124
