1.20834
1.60353
1.42055
2.29918
2.06005
2.16646
2.64745
2.03224
2.05559
2.06044
1.79207
1.61361
2.83682
1.48653
2.00047
2.41592
2.37352
1.82301
1.25939
1.89515
2.50697
2.38468
2.04578
1.96311
1.79419
2.93026
1.94843
2.79876
2.81477
2.90173
2.68704
2.2133
2.0613
2.23751
2.26134
2.42202
2.13293
2.39865
2.08146
2.25502
2.16227
2.09835
1.99899
2.1371
1.98856
2.38731
2.29827
2.38287
2.65723
2.5578
2.41274
2.50339
2.36852
2.5268
2.33126
1.85129
2.17867
1.44462
1.4179
2.94394
2.13986
2.31865
2.50021
2.30488
2.08313
2.49244
2.08232
2.27433
2.06597
1.38922
2.14517
2.45523
1.91086
2.00484
2.40199
2.47166
2.62637
2.57389
2.37952
2.34709
2.1048
2.06162
1.75255
2.17671
1.60018
1.83385
1.75019
2.52854
2.65506
1.4632
1.32753
1.83092
2.4913
2.07212
2.04937
1.62786
1.59407
2.92735
2.29443
2.23698
1.79035
2.18562
1.98429
2.13084
1.5801
2.71294
2.63163
2.17997
2.29657
2.13938
2.30088
1.99075
2.07901
2.286
2.2031
2.44799
2.86043
2.03227
2.21382
1.67403
1.8348
1.85816
1.90012
2.26735
2.35223
2.3729
1.70679
2.11132
2.08664
2.53753
2.80128
2.62214
3.12598
2.57289
2.12711
2.43816
2.87082
1.62704
2.22388
2.58044
2.13822
1.79813
1.4538
1.64527
2.59714
1.8448
2.38991
2.03123
2.0823
2.47433
2.88368
1.59605
3.08462
2.34168
2.04835
2.18662
2.9641
2.35514
2.04392
1.4898
1.6197
1.99647
1.56597
1.32203
1.55002
2.10549
1.34615
2.0155
2.42934
2.38196
2.39078
2.46656
2.63437
2.46967
2.46891
2.68695
2.49027
1.86381
2.32007
2.8559
1.7648
2.15583
2.45269
2.67454
2.47124
1.99389
2.68294
2.21541
2.09302
2.31347
2.24577
2.1198
1.96913
2.30844
2.43369
2.55625
2.56894
2.53924
1.78713
2.14186
2.60375
2.19084
1.91926
1.66898
2.03477
2.48209
2.92864
2.3669
2.34064
1.59043
1.95606
1.2284
2.36064
2.50525
2.208
1.98881
1.86004
2.28138
2.10758
2.87985
2.2621
2.62408
2.57453
1.99568
2.79443
3.17063
2.49572
2.35428
2.20109
2.2745
1.95239
2.67988
2.83359
2.25514
2.05947
2.11363
1.95851
1.6785
2.19851
3.13233
2.78568
1.51465
1.63668
1.94709
1.87384
2.16364
2.1252
2.2087
1.8183
2.15742
2.21488
2.64954
2.10523
2.07544
1.87992
2.01274
2.59499
2.05189
2.96894
1.99744
2.41166
1.78651
1.9127
2.50133
2.13514
2.09939
2.23171
2.22768
2.07479
1.84522
1.75063
1.95177
2.39482
3.02522
2.73658
1.64358
2.54818
2.15706
2.07635
2.13489
2.1044
2.22397
2.48493
2.07456
2.08026
2.34553
2.57403
1.73909
2.47984
2.78444
2.25004
1.91805
1.91396
2.01455
1.68082
1.83876
2.25954
3.00109
2.43856
2.39733
1.88054
2.65104
2.11557
2.82264
2.45192
2.76812
2.54394
2.53071
2.40677
2.25337
2.42534
2.46423
2.60463
2.2211
2.51476
2.41698
3.30563
2.20489
2.28516
1.86502
2.49338
2.85663
2.20196
2.15085
2.29065
2.11192
1.58321
2.23318
2.41473
2.48639
2.05561
1.39177
1.61869
1.19463
1.79822
2.04777
2.84704
2.82662
2.33935
2.86197
2.54437
1.90467
1.75728
1.21536
1.80287
2.11091
1.68728
1.62538
2.37202
2.0417
1.98156
2.10355
1.69151
2.18733
1.93589
1.99869
2.60933
2.39147
2.22936
1.93182
1.29236
1.85697
2.09286
2.2852
2.15457
2.42381
2.74664
2.31814
2.50306
2.76291
2.29026
2.48286
2.62319
2.44015
2.66469
2.43596
2.56017
1.71269
2.09292
2.56638
2.7114
2.98738
2.2436
2.14933
2.42276
2.50564
2.66531
2.42514
1.67474
2.26374
2.43191
2.25591
2.29292
2.16878
2.32099
2.60025
2.54428
2.45946
2.13
2.63376
1.711
2.20835
2.58765
2.10934
2.10596
1.84247
2.07264
1.83049
1.85942
2.18611
2.04414
2.2976
2.04046
1.92672
1.95066
2.17592
1.46887
1.81284
2.18425
2.65035
2.0761
2.15411
2.18249
2.06624
2.43934
2.36378
2.23156
1.70882
2.59793
1.94327
2.30478
1.71966
2.07728
2.50936
2.12415
2.56812
2.64756
2.11955
2.28737
2.11677
1.69578
2.52348
2.82039
2.31421
2.26441
1.73714
1.58541
1.84715
2.18925
2.4524
2.05809
1.64325
1.72968
2.67168
2.80248
2.44752
3.01844
1.93778
2.05503
2.67618
2.60502
2.83986
2.8319
2.64843
2.32551
2.27216
2.13175
2.58575
2.53663
2.19906
1.97199
2.27843
1.77294
2.83717
1.98978
2.2745
1.89781
1.7371
1.87065
2.16972
2.54971
2.53231
1.42239
1.84057
2.18867
2.32659
2.24574
2.3397
2.04558
2.0613
2.79722
2.33079
2.42399
2.14791
2.36798
1.86647
1.67835
1.84439
1.45228
1.81504
1.7803
1.42296
2.5419
2.52664
2.04693
1.93581
1.61493
1.73257
1.66668
2.06579
1.99522
2.29701
1.28597
2.56381
2.03333
2.62202
2.51525
2.32067
2.3702
1.91792
1.80112
1.47881
1.86784
2.58994
2.60192
2.33289
2.22594
2.66438
2.61653
2.43564
2.12755
2.85176
2.24469
2.58697
2.46935
2.3612
1.86491
1.97708
2.47552
1.86843
1.49008
2.28211
1.29472
2.16029
2.31006
1.99113
1.90119
1.78421
2.29064
1.9333
1.63486
2.06081
1.82527
1.99829
1.79913
1.9592
1.45004
1.82607
2.83287
2.40896
1.77728
2.23175
2.23686
2.71029
1.90387
1.66619
1.59952
2.46254
2.21984
2.13354
2.04289
1.66886
1.7958
1.97723
2.00711
2.20885
2.28116
1.5367
1.31977
1.71588
2.07694
2.26906
2.49855
2.0211
1.79316
1.41878
2.01443
2.39193
2.08434
1.78671
1.99117
1.97043
2.39557
2.91671
2.20044
2.34999
1.91612
2.13001
1.69143
1.6735
1.70147
1.4437
2.52459
2.49797
1.78242
1.78005
2.64122
2.39318
1.77023
2.19487
1.96946
2.59951
2.33384
2.21993
2.09018
2.28295
2.50262
1.89539
2.16079
2.02141
2.73384
1.94751
1.9691
2.45384
2.84641
2.7429
1.90794
2.28867
2.2549
1.52155
1.76747
2.79518
1.95723
2.31619
2.50272
2.07458
2.30048
1.73662
2.22363
2.04678
2.39609
1.98272
1.85849
2.37229
2.43398
2.81981
3.04356
2.81645
2.76399
2.20168
2.648
2.19266
2.32784
2.17446
1.91335
2.582
1.92231
2.11988
1.82123
1.80213
2.18688
1.85402
2.09477
1.91196
2.11878
2.14777
2.35315
3.6014
2.32458
2.10836
1.66762
2.00749
2.3218
2.38346
2.25414
2.27854
1.95879
2.6813
2.39965
2.35725
2.60418
2.59121
2.61799
2.5177
2.72743
3.05894
3.01094
2.45862
2.0716
1.66923
2.27165
2.21494
2.52546
1.99567
2.46903
2.67509
2.00117
2.79663
2.43935
1.70451
2.2121
1.9002
2.36645
1.95784
2.84428
2.67235
1.89067
1.85271
1.59994
2.00213
2.15763
1.85078
1.69128
1.98617
2.38114
1.98065
1.51492
1.9926
1.01712
1.7821
2.56505
2.434
2.12339
2.1407
2.45627
1.54415
1.95061
2.28045
2.4692
2.14875
1.49911
1.54258
2.12518
1.94511
2.17433
1.77484
1.31148
2.04027
2.21137
1.95823
2.67618
1.71756
2.02624
2.32016
2.5577
2.37627
1.48826
1.64004
2.16726
1.3978
2.62907
2.0326
2.0355
1.98164
1.98757
1.72052
1.97371
2.01045
2.52283
1.70453
2.08914
2.06821
2.44851
2.40964
1.40745
2.11949
2.5983
1.77877
2.22431
2.75263
2.4009
2.34144
2.68864
2.07341
1.97437
2.3414
2.23513
2.15327
1.98675
1.73263
2.00167
2.74008
1.92527
1.96621
2.16986
2.04363
2.68737
2.14761
2.11432
2.12537
1.93221
1.91452
2.07652
2.38835
2.00018
1.67004
1.93992
1.68691
2.32156
1.79608
1.92791
1.87366
1.53406
1.73572
2.02909
1.64388
1.79694
1.94521
2.24592
2.32503
2.71647
2.52888
2.13124
2.28592
1.83386
1.90472
2.04215
1.55011
2.06506
1.74876
1.68805
2.43167
1.74741
2.46486
1.91979
1.90672
2.50651
1.77784
2.04576
1.97095
2.50061
2.49155
2.53091
1.76421
1.86218
1.73656
1.87528
2.21763
1.8076
2.21442
1.92237
1.85565
2.21328
1.96699
1.8207
1.79301
2.35271
2.43855
2.49146
1.73985
1.76758
1.92072
2.33591
1.72494
1.8781
2.00678
2.84902
2.49633
2.15708
2.24927
2.33723
1.60858
2.16264
2.32818
2.71779
2.5161
2.4187
2.4622
2.23043
1.53942
2.49037
1.81414
2.14666
2.28299
2.22577
1.9733
2.19059
1.52888
2.23889
1.43907
2.23069
2.29102
1.92164
1.78018
1.54221
2.42702
2.39317
2.61032
1.39088
0.858876
1.50087
2.27878
1.88543
2.28083
2.41532
1.80958
2.24171
2.09205
1.96558
1.57066
1.45328
1.86508
2.32026
2.06297
1.7684
1.87064
2.44905
1.96673
2.17423
2.01077
3.03101
2.03521
2.03505
2.63165
2.01308
2.30335
2.29365
2.48732
2.7203
2.59927
2.13457
1.79056
1.53548
1.82009
2.15892
1.91393
2.13271
2.06378
2.02535
2.19224
2.07076
2.05016
2.24873
2.48314
3.06716
2.50564
2.28372
2.58202
2.04182
2.27681
1.46895
1.5815
2.40355
2.72105
2.30265
2.43334
2.09667
1.87321
1.72714
2.53251
2.81543
2.60836
1.71436
1.97943
2.78455
2.16861
1.2607
1.34273
2.2071
2.03729
1.73672
2.09477
2.41707
2.26015
2.20007
1.98919
1.96051
2.33693
2.03297
2.50986
2.09321
2.16927
2.01997
2.47223
2.63799
2.40802
1.77198
2.84469
2.58972
2.50094
1.95878
2.11015
2.12608
2.21829
1.69945
2.25937
1.99858
1.80474
1.99026
1.93496
2.79141
2.24248
2.01157
2.44763
2.26892
2.5598
2.95847
2.28624
2.24444
2.23132
