-5.18838
-5.10892
-5.17188
-4.98011
-5.0649
-5.02938
-4.91309
-5.05502
-5.00028
-4.99073
-5.07561
-5.14926
-4.88088
-5.19664
-5.06661
-4.9699
-4.9712
-5.07844
-5.19188
-5.07658
-4.97132
-4.98711
-5.04522
-5.04711
-5.08917
-4.84935
-5.10053
-4.90271
-4.92766
-4.92885
-4.96606
-5.04622
-5.06918
-5.02941
-5.02776
-5.01002
-5.09584
-5.01165
-5.07492
-4.99678
-5.00611
-5.02519
-5.04626
-4.99216
-5.02535
-4.95236
-4.97479
-4.9673
-4.89413
-4.91061
-4.96251
-4.9534
-5.00114
-4.96397
-4.98628
-5.08721
-4.99845
-5.18204
-5.20895
-4.86787
-5.06218
-4.99635
-4.97076
-5.00474
-5.05184
-4.95719
-5.0446
-4.98444
-5.03184
-5.19576
-5.02034
-4.96279
-5.09046
-5.07341
-5.00591
-4.99765
-4.94522
-4.92734
-4.98457
-4.9965
-5.03871
-5.0211
-5.0917
-4.95704
-5.10306
-5.08009
-5.11727
-4.93403
-4.88554
-5.13582
-5.15039
-5.06474
-4.9333
-5.0463
-5.04053
-5.11593
-5.11493
-4.81299
-5.00634
-5.0223
-5.10483
-5.00708
-5.0566
-5.04179
-5.19867
-4.95106
-4.98903
-5.05396
-5.00539
-5.04988
-5.02153
-5.089
-5.07117
-5.0305
-5.02717
-4.97384
-4.88521
-5.07766
-5.02424
-5.14774
-5.12489
-5.11923
-5.06987
-4.98509
-4.96823
-4.97104
-5.12293
-5.0206
-5.04743
-4.97036
-4.92712
-4.98041
-4.86067
-4.99347
-5.09351
-5.0305
-4.89787
-5.14786
-4.99552
-4.90781
-5.01341
-5.05887
-5.122
-5.11726
-4.92259
-5.09332
-4.9487
-5.03629
-5.00875
-4.9379
-4.86297
-5.18907
-4.82594
-4.99234
-5.02947
-5.00469
-4.85021
-5.00586
-5.03536
-5.15952
-5.1279
-5.01673
-5.11871
-5.15132
-5.11967
-5.01575
-5.18899
-5.0323
-4.95927
-4.99464
-5.01194
-4.98705
-4.93896
-4.99102
-4.98141
-4.91212
-4.95926
-5.11636
-5.0293
-4.88902
-5.10445
-5.03711
-5.02962
-4.99774
-5.04639
-5.15575
-4.96224
-5.04108
-5.0591
-4.98799
-4.98232
-5.00784
-5.05323
-4.99319
-4.98784
-4.9667
-4.93798
-4.91391
-5.09138
-5.01717
-4.89502
-4.98133
-5.03794
-5.08916
-5.02296
-4.94409
-4.83418
-4.94107
-4.92554
-5.11961
-5.02329
-5.21243
-4.9768
-4.95567
-4.98145
-5.02268
-5.07509
-4.9998
-5.08307
-4.92057
-5.05463
-4.97335
-4.96784
-5.09215
-4.91183
-4.82339
-4.97627
-5.00382
-5.01787
-4.95069
-5.05665
-4.91725
-4.89217
-5.01024
-5.02849
-5.04718
-5.07302
-5.10898
-4.99471
-4.80941
-4.87103
-5.13692
-5.10241
-5.04194
-5.06609
-5.00104
-5.02793
-5.00609
-5.09831
-5.01683
-5.01993
-4.91586
-5.01222
-4.99379
-5.02876
-5.02613
-4.91649
-5.06761
-4.84137
-5.09688
-4.98919
-5.13685
-5.1114
-4.97514
-5.05111
-5.04213
-5.02446
-5.04428
-5.06777
-5.09288
-5.10639
-5.06405
-5.00903
-4.8848
-4.92493
-5.16665
-4.92347
-5.00515
-5.02917
-5.02527
-5.03103
-5.00503
-4.94845
-5.03453
-5.03555
-4.98048
-4.91017
-5.11089
-4.94008
-4.90782
-5.0289
-5.07665
-5.07858
-5.04813
-5.10958
-5.08205
-5.00961
-4.83476
-4.95
-4.94429
-5.08445
-4.93187
-5.09058
-4.92227
-5.03162
-4.98023
-5.02797
-4.98632
-4.99599
-5.01777
-4.96505
-4.97655
-4.93937
-5.02341
-4.95113
-4.98848
-4.77423
-5.03723
-4.99682
-5.09005
-4.94145
-4.85665
-5.012
-5.0343
-5.00838
-5.03415
-5.14623
-5.01476
-4.99155
-4.95635
-5.02781
-5.16937
-5.08383
-5.19706
-5.07161
-5.03992
-4.87842
-4.90096
-5.03316
-4.91098
-4.96516
-5.09487
-5.10578
-5.20957
-5.04451
-4.98581
-5.11148
-5.14747
-4.9821
-5.06408
-5.05682
-5.0084
-5.09524
-4.97297
-5.05332
-5.07466
-4.93287
-4.96318
-4.98392
-5.04307
-5.18145
-5.05129
-5.03997
-5.00637
-5.02202
-4.99238
-4.95461
-5.0513
-4.99929
-4.91493
-5.00783
-4.98241
-4.96246
-5.0319
-4.96425
-4.9751
-4.92425
-5.13827
-5.08221
-4.98537
-4.95628
-4.89168
-5.05306
-5.05947
-4.97496
-4.94178
-4.91305
-4.98843
-5.14522
-4.98738
-4.95101
-4.99528
-4.98203
-5.01721
-5.00866
-4.96428
-4.97625
-4.97884
-5.03597
-4.90413
-5.11432
-5.0039
-4.92877
-5.02836
-5.014
-5.06074
-5.01978
-5.10924
-5.13155
-5.07619
-5.1175
-5.04429
-5.08068
-5.09341
-5.06368
-4.98207
-5.14254
-5.08307
-5.02642
-4.92075
-5.03187
-5.02176
-5.02983
-5.0383
-4.93803
-4.95801
-4.97772
-5.11324
-4.92462
-5.09715
-4.9927
-5.12144
-5.03242
-4.95113
-5.07556
-4.99034
-4.97383
-5.05563
-4.97761
-5.01514
-5.12969
-4.96052
-4.88833
-4.99848
-4.97457
-5.05781
-5.08321
-5.02823
-4.98741
-4.92502
-4.99842
-5.11603
-5.11775
-4.90192
-4.88482
-4.97828
-4.80783
-5.03867
-5.0121
-4.90065
-4.94313
-4.88274
-4.88172
-4.91759
-4.96979
-4.97671
-5.00717
-4.88683
-4.89406
-4.96676
-5.0199
-4.95504
-5.08439
-4.81584
-5.0281
-4.97188
-5.06727
-5.09255
-5.06009
-5.01173
-4.92599
-4.92146
-5.15911
-5.05449
-5.02021
-5.02142
-5.03141
-4.98798
-5.05273
-5.07226
-4.91492
-5.03769
-5.00457
-5.06452
-4.97501
-5.05605
-5.08294
-5.0326
-5.13547
-5.05591
-5.07796
-5.17859
-4.91124
-4.92606
-5.02002
-5.05138
-5.13186
-5.09503
-5.1126
-5.01594
-5.05213
-4.96501
-5.21612
-4.93004
-5.0624
-4.9095
-4.93856
-5.01469
-5.02672
-5.09695
-5.06768
-5.11919
-5.03726
-4.89271
-4.9002
-4.96787
-4.98213
-4.88705
-4.90781
-4.94592
-5.02969
-4.87039
-5.03535
-4.98009
-5.02259
-5.03107
-5.12315
-5.07829
-4.95677
-5.08769
-5.16565
-4.93394
-5.16352
-4.98206
-4.95789
-5.03302
-5.05702
-5.08777
-4.95535
-5.05204
-5.13477
-5.03623
-5.08299
-5.03468
-5.09444
-5.05315
-5.17116
-5.08407
-4.86169
-4.97508
-5.10334
-4.97733
-4.98792
-4.89107
-5.10174
-5.13735
-5.15969
-4.94355
-4.99866
-5.00236
-5.02659
-5.12772
-5.10702
-5.10057
-5.08559
-5.00836
-4.97164
-5.11785
-5.15479
-5.07214
-5.03364
-5.0081
-4.92962
-5.01625
-5.0399
-5.12136
-4.99829
-4.94157
-5.01915
-5.10367
-5.06805
-5.06801
-4.99294
-4.89133
-5.02031
-4.95734
-5.05726
-4.9851
-5.09104
-5.09333
-5.09237
-5.18246
-4.93606
-4.92725
-5.07372
-5.07712
-4.89529
-4.96875
-5.11808
-5.02987
-5.08404
-4.9513
-5.04044
-5.04209
-5.04912
-4.97618
-4.91038
-5.05096
-4.97846
-5.03622
-4.87488
-5.07934
-5.09584
-4.98963
-4.91498
-4.94756
-5.12404
-4.99164
-4.98421
-5.15382
-5.07666
-4.82756
-5.05225
-4.96563
-4.94442
-5.04594
-4.9511
-5.08305
-4.98906
-5.04778
-4.95095
-5.04515
-5.08487
-4.98727
-4.98804
-4.89035
-4.8396
-4.88624
-4.89941
-5.0403
-4.95341
-5.04926
-4.9998
-5.00628
-5.05931
-4.92166
-5.1051
-5.03646
-5.07803
-5.10217
-5.0365
-5.09402
-5.01422
-5.07672
-5.01282
-4.99217
-4.9683
-4.66493
-4.95038
-4.98044
-5.08367
-5.02167
-4.97179
-4.95987
-4.98815
-4.97154
-5.0594
-4.91753
-4.99758
-5.0068
-4.9544
-4.97128
-4.96361
-4.95941
-4.92044
-4.87878
-4.9094
-5.00045
-5.04749
-5.13492
-5.01596
-5.05506
-4.97534
-5.08117
-4.9452
-4.89987
-5.04816
-4.8756
-4.96521
-5.12453
-4.99139
-5.07075
-4.9584
-5.04724
-4.84126
-4.89372
-5.07243
-5.06717
-5.12578
-5.01351
-4.96137
-5.04628
-5.08422
-5.02423
-4.94457
-5.02373
-5.10998
-4.98116
-5.23817
-5.08486
-4.91807
-4.95411
-5.02742
-5.04013
-4.96472
-5.16114
-5.04986
-4.99395
-4.9582
-5.00073
-5.13034
-5.12
-4.97788
-5.0323
-4.98668
-5.11065
-5.23228
-5.04555
-5.01734
-5.08773
-4.89239
-5.10168
-5.03988
-5.01423
-4.95284
-4.94493
-5.11953
-5.08039
-4.9682
-5.18542
-4.91178
-5.07459
-5.07236
-5.0898
-5.07658
-5.12222
-5.06462
-5.06881
-4.92186
-5.11091
-5.04344
-5.05217
-4.94676
-4.94494
-5.18245
-5.01337
-4.91948
-5.13145
-5.04134
-4.91134
-5.00045
-5.00727
-4.90592
-5.03889
-5.06512
-4.98455
-5.00154
-5.01709
-5.04197
-5.07393
-5.03196
-4.89718
-5.09491
-5.10592
-5.08378
-5.10554
-4.95669
-5.09833
-5.10766
-5.09856
-5.12524
-5.11704
-5.06539
-4.97412
-5.04224
-5.11015
-5.04831
-5.10129
-4.95882
-5.0819
-5.03062
-5.03639
-5.11654
-5.09632
-5.02456
-5.11489
-5.0844
-5.06854
-5.01476
-5.0219
-4.92439
-4.96473
-5.04473
-4.96542
-5.05726
-5.02832
-5.00145
-5.13804
-5.0158
-5.07416
-5.10161
-4.94506
-5.12759
-4.95346
-5.07336
-5.09077
-4.95747
-5.10279
-5.0181
-5.05151
-4.92192
-4.92314
-4.91672
-5.08981
-5.07814
-5.11322
-5.07373
-4.97682
-5.06748
-4.95887
-5.04957
-5.05156
-4.94518
-5.01938
-5.0769
-5.09312
-4.97799
-4.98967
-4.95743
-5.10962
-5.10949
-5.06092
-4.96468
-5.12661
-5.08688
-5.06841
-4.89143
-4.97541
-5.04564
-5.02167
-4.97753
-5.148
-5.03714
-5.00695
-4.92565
-4.97964
-4.99732
-4.96368
-4.9875
-5.13463
-4.89409
-5.04683
-4.96869
-4.95136
-4.95621
-5.01916
-4.97582
-5.14526
-4.97308
-5.17537
-5.01656
-5.02567
-5.07608
-5.07921
-5.1517
-4.9816
-5.00977
-4.91783
-5.17245
-5.26983
-5.12819
-4.96087
-5.07438
-5.00484
-4.95386
-5.08462
-5.00197
-5.05798
-5.08155
-5.1622
-5.15139
-5.03677
-4.93557
-4.98863
-5.06587
-5.05411
-4.91302
-5.05092
-4.99498
-5.04517
-4.80811
-5.06883
-5.07745
-4.92495
-5.07858
-4.99731
-5.00097
-4.95246
-4.91117
-4.94342
-5.02647
-5.07887
-5.1382
-5.08361
-5.01569
-5.06208
-4.99361
-5.01969
-5.04012
-4.99081
-5.01034
-5.02028
-5.01792
-4.98365
-4.83993
-4.95819
-5.00839
-4.94291
-5.05597
-4.97209
-5.16798
-5.15052
-4.99375
-4.93839
-5.00664
-4.96849
-5.02586
-5.07295
-5.11609
-4.94862
-4.91032
-4.94967
-5.1575
-5.11896
-4.93391
-5.05829
-5.22814
-5.18972
-4.97874
-5.02441
-5.08077
-5.00997
-4.95212
-5.00393
-5.02629
-5.08935
-5.10913
-5.00622
-5.07906
-4.94893
-5.05495
-5.04465
-5.09709
-4.97418
-4.90256
-4.94127
-5.11239
-4.8943
-4.96978
-4.97697
-5.09751
-5.06969
-5.04036
-4.98863
-5.10464
-4.96356
-5.04419
-5.09278
-5.03678
-5.07995
-4.92422
-5.04922
-5.08396
-4.95843
-4.99293
-4.93205
-4.86071
-5.01166
-4.97724
-4.95353
