3.13589 0
3.16086 0.0249761
3.15803 0.0146957
3.14039 0.0204716
3.13194 0.0179716
3.13812 0.0159219
3.14982 0.0178335
3.13235 0.0233203
3.16095 0.0352347
3.16744 0.0321752
3.18365 0.0333123
3.19207 0.0315536
3.19422 0.0291048
3.19647 0.0270401
3.1885 0.0264045
3.19679 0.0260511
3.18492 0.0271974
3.18687 0.025716
3.18892 0.0244111
3.18227 0.0240928
3.17602 0.023756
3.17775 0.0227172
3.1736 0.0221011
3.17068 0.0213611
3.1695 0.0205224
3.16318 0.0207074
3.16339 0.0199269
3.16794 0.0197328
3.16895 0.0190668
3.17181 0.0186422
3.16775 0.0184841
3.17121 0.0182299
3.17252 0.017717
3.16924 0.0174969
3.16736 0.0170934
3.16664 0.0166274
3.16068 0.0172364
3.15779 0.0170238
3.15612 0.0166651
3.15349 0.016455
3.15456 0.0160839
3.15866 0.0162254
3.15865 0.0158436
3.15978 0.0155209
3.16125 0.0152428
3.16166 0.0149135
3.16402 0.0147828
3.16156 0.0146801
3.16205 0.0143859
3.16025 0.0142107
3.1574 0.0142171
3.15752 0.0139415
3.15969 0.0138476
3.15915 0.0135996
3.16078 0.0134498
3.16113 0.013212
3.16206 0.0130116
3.16209 0.0127853
3.16082 0.0126302
3.15951 0.0124869
3.1579 0.0123857
3.16053 0.0124652
3.15971 0.0122932
3.15737 0.0123235
3.15427 0.012523
3.15492 0.0123489
3.15321 0.0122824
3.15454 0.0121727
3.15466 0.0119957
3.15601 0.0118998
3.157 0.0117721
3.15567 0.0116834
3.15416 0.0116203
3.15497 0.011491
3.15365 0.0114132
3.15378 0.0112628
3.15224 0.0112214
3.15211 0.0110774
3.15211 0.0109363
3.15232 0.0108008
3.15373 0.0107598
3.15319 0.0106419
3.15434 0.0105762
3.15478 0.0104589
3.15431 0.0103462
3.15328 0.0102761
3.15296 0.0101625
3.15295 0.0100463
3.15252 0.00994237
3.15333 0.00986495
3.15226 0.00981436
3.15325 0.00975734
3.15409 0.00968855
3.1524 0.00973319
3.15228 0.00963089
3.15128 0.00958264
3.15095 0.00948897
3.15052 0.00940148
3.15176 0.00938754
3.1508 0.00934237
