1.52165 0
1.4931 0.0285506
1.50016 0.0179311
1.49898 0.0127336
1.50929 0.0142644
1.50249 0.0134864
1.49567 0.0132818
1.50097 0.012664
1.49803 0.0115499
1.4994 0.0104216
1.49944 0.00942675
1.49995 0.00862033
1.49604 0.00884067
1.49743 0.00830166
1.49759 0.00773019
1.49432 0.00793582
1.49388 0.00746773
1.49098 0.00761159
1.48956 0.0073398
1.48739 0.00729377
1.48859 0.00704086
1.48874 0.00671491
1.49007 0.0065531
1.49096 0.00633761
1.49181 0.00613723
1.49555 0.00698167
1.496 0.0067333
1.49686 0.00654532
1.49554 0.00645311
1.49645 0.00630112
1.49782 0.00624742
1.49933 0.00623346
1.49847 0.00610246
1.49823 0.00592496
1.49579 0.00625241
1.49775 0.00638637
1.50148 0.00724526
1.50096 0.00707128
1.49991 0.00696658
1.50037 0.00680518
1.50007 0.0066436
1.50022 0.00648519
1.50043 0.00633596
1.50239 0.0064925
1.50199 0.00635866
1.50187 0.00622015
1.50224 0.00609756
1.50414 0.00626329
1.50418 0.00613428
1.50442 0.00601543
1.50377 0.00593222
1.50277 0.00590306
1.50341 0.00582597
1.50297 0.0057339
1.50396 0.0057157
1.50243 0.00581898
1.50378 0.0058736
1.50406 0.00577811
1.50475 0.0057209
1.50488 0.00562636
1.50575 0.00560046
1.50531 0.0055264
1.50597 0.00547755
1.50606 0.00539207
1.50551 0.00533742
1.5048 0.0053034
1.50437 0.00524102
1.50463 0.00516984
1.50357 0.00520424
1.50377 0.00513342
1.50424 0.00508265
1.50347 0.00507156
1.50451 0.00510988
1.50492 0.00505688
1.50441 0.00501462
1.50432 0.00494905
1.50429 0.00488447
1.50399 0.00483043
1.50421 0.0047738
1.50298 0.00487122
1.50327 0.00481934
1.50369 0.00477852
1.5038 0.00472184
1.50367 0.00466687
1.50475 0.00473596
1.50507 0.00469162
1.50592 0.00471367
1.50576 0.00466257
1.50543 0.0046214
1.50452 0.0046597
1.50476 0.00461458
1.50516 0.00458093
1.50613 0.0046341
1.50612 0.00458454
1.50652 0.00455364
1.50667 0.00450824
1.50706 0.00447885
1.50686 0.00443743
1.50672 0.00439474
1.50657 0.00435295
