5.03186 0
4.97621 0.0556503
4.94826 0.0425827
4.96999 0.0371316
4.9857 0.0327754
4.98522 0.0267653
4.96912 0.0277695
5.00155 0.0403801
5.00919 0.0364218
5.02504 0.036225
5.0253 0.0327678
5.02276 0.0300207
5.00734 0.0316282
5.00192 0.0297797
4.99813 0.0279808
4.99054 0.0272527
4.98918 0.0256353
4.98214 0.0251741
4.97503 0.0248523
4.97601 0.0235974
4.9774 0.0224887
4.9809 0.0217246
4.98397 0.0209857
4.99192 0.0216065
4.99673 0.0212747
5.00439 0.0218304
4.99853 0.02181
4.99934 0.0210323
4.9975 0.0203774
5.00083 0.019967
4.99979 0.0193402
5.00188 0.0188424
4.99869 0.0185393
4.99761 0.0180184
4.99467 0.0177399
4.99476 0.0172403
4.99866 0.017217
4.99965 0.0167869
4.99979 0.0163514
4.99898 0.0159582
5.0049 0.0166531
5.00278 0.0163888
4.9989 0.0164667
4.99927 0.0160923
5.00045 0.015775
4.99962 0.0154504
5.00046 0.0151413
5.00069 0.0148242
5.00137 0.0145346
5.0023 0.0142715
5.00257 0.0139914
5.00168 0.0137483
5.00283 0.0135349
5.00037 0.0135066
5.00021 0.0132599
5.00089 0.0130388
5.00183 0.012843
5.00179 0.0126197
5.0051 0.0128379
5.00437 0.012643
5.00499 0.0124494
5.00463 0.0122522
5.00419 0.0120644
5.00299 0.0119344
5.00391 0.011785
5.00486 0.0116443
5.00591 0.0115167
5.00615 0.0113487
5.00426 0.0113417
5.00278 0.0112766
5.00425 0.0112135
5.00447 0.0110588
5.00525 0.0109342
5.00575 0.0107973
5.00735 0.0107719
5.00733 0.0106293
5.00709 0.0104931
5.00779 0.0103814
5.00661 0.0103169
5.00393 0.0105322
5.00206 0.0105695
5.00246 0.0104476
5.00342 0.0103656
5.00367 0.0102445
5.00357 0.0101238
5.00493 0.010097
5.00611 0.0100501
5.006 0.00993584
5.00434 0.00996275
5.00186 0.0101577
5.00254 0.0100683
5.00088 0.0100951
5.00131 0.0099949
5.00142 0.00988859
5.00107 0.00979002
5.00022 0.00972488
5.00328 0.0100982
5.0024 0.0100331
5.00181 0.00994842
4.99946 0.010126
