5.02014 0
5.04703 0.0268927
5.01141 0.0388579
5.04717 0.0450962
5.03136 0.0383415
5.012 0.0368079
5.00209 0.0326506
5.00133 0.0282864
5.00423 0.0251144
5.0071 0.0226452
4.98982 0.0267999
4.99805 0.0258134
4.99233 0.0244239
4.99923 0.0236421
4.99346 0.0227541
4.99003 0.0215599
4.98379 0.0211906
4.9778 0.0208563
4.9811 0.0200014
4.97775 0.0192671
4.98355 0.0192227
4.98323 0.018331
4.97968 0.0178722
4.97977 0.0171116
4.98336 0.0168001
4.98046 0.0164002
4.98309 0.0159996
4.98303 0.0154177
4.98288 0.0148773
4.98322 0.0143768
4.9814 0.0140236
4.98255 0.013627
4.98754 0.0141166
4.98779 0.0136975
4.98761 0.0133016
4.98293 0.0137452
4.98366 0.0133881
4.98374 0.0130313
4.98831 0.0134886
4.98788 0.0131541
4.98464 0.013232
4.9839 0.0129343
4.98559 0.0127421
4.98863 0.0128155
4.98423 0.0132763
4.98182 0.0132076
4.97957 0.0131173
4.98148 0.0129829
4.9828 0.0127834
4.9854 0.0127922
4.98726 0.0126761
4.98815 0.0124614
4.98859 0.0122322
4.99285 0.0127345
4.99222 0.0125166
4.99187 0.0122959
4.99475 0.0124172
4.99224 0.012458
4.99351 0.0123113
4.99337 0.0121052
4.99516 0.0120387
4.99632 0.0118998
4.99645 0.0117101
4.99741 0.0115658
4.99851 0.0114395
4.99909 0.0112797
4.99802 0.0111611
4.99962 0.0111107
5 0.0109552
4.99995 0.0107977
5.00005 0.010645
5.00042 0.0105029
4.99876 0.0104906
4.99676 0.0105395
4.99626 0.0104101
4.99723 0.0103183
4.99638 0.010219
4.9957 0.0101098
4.99327 0.010274
4.99446 0.0102146
4.99468 0.01009
4.99573 0.0100215
4.99517 0.00991556
4.9931 0.0100133
4.99327 0.00989615
4.9936 0.00978595
4.99489 0.00975921
4.99329 0.00977924
4.99193 0.00976442
4.99223 0.00966013
4.99227 0.00955347
4.99179 0.00946124
4.99186 0.00935922
4.99142 0.00926996
4.99291 0.00929228
4.99221 0.00922158
4.99412 0.00932418
4.99478 0.00925253
4.99547 0.00918431
4.99565 0.00909371
