1.43403 0
1.47628 0.0422537
1.45648 0.0314239
1.47481 0.0288095
1.4813 0.0232387
1.47884 0.0191323
1.47626 0.0163743
1.48374 0.0160303
1.48461 0.0141642
1.48674 0.0128469
1.48472 0.0117941
1.48608 0.0108517
1.48862 0.0102997
1.48456 0.010363
1.4831 0.00975699
1.48385 0.0091576
1.48361 0.00860567
1.4842 0.0081356
1.48578 0.00785448
1.48335 0.00783522
1.48436 0.00752091
1.48498 0.00719738
1.48529 0.00688424
1.48293 0.0070007
1.48457 0.00691297
1.48459 0.00664178
1.48536 0.00643805
1.48744 0.00654351
1.48728 0.0063161
1.48605 0.00622407
1.48665 0.00604964
1.48818 0.00605578
1.48898 0.00592266
1.48949 0.00576875
1.4896 0.00560258
1.49052 0.00552215
1.48988 0.0054089
1.4891 0.00532277
1.49142 0.00568224
1.49152 0.00553923
1.49071 0.00546276
1.49141 0.00537733
1.4915 0.00525155
1.49242 0.0052123
1.49314 0.00514535
1.49252 0.00506954
1.49141 0.00508488
1.49236 0.00506826
1.49238 0.00496378
1.49225 0.00486514
1.49355 0.00494161
1.4938 0.00485237
1.49399 0.00476383
1.49387 0.00467642
1.49397 0.00459161
1.49429 0.00452041
1.49494 0.00448849
1.49407 0.00449541
1.49286 0.00458305
1.49244 0.0045256
1.49305 0.0044928
1.493 0.00442
1.49304 0.00434948
1.49349 0.00430416
1.49381 0.00424987
1.49432 0.00421588
1.4947 0.0041697
1.4959 0.00427981
1.49612 0.00422271
1.49664 0.00419516
1.49616 0.00416388
1.4962 0.0041058
1.49657 0.00406648
1.49606 0.0040429
1.49597 0.00398986
1.49649 0.00397206
1.49576 0.00398852
1.49532 0.00396108
1.49492 0.00393073
1.49553 0.00392801
1.49587 0.00389417
1.4959 0.00384648
1.49558 0.00381301
1.49558 0.00376735
1.4957 0.00372488
1.4958 0.00368267
1.49589 0.00364109
1.49558 0.00361231
1.49583 0.00357983
1.49631 0.00357258
1.49639 0.00353396
1.49688 0.00352969
1.49632 0.00353508
1.49622 0.00349884
1.49632 0.00346338
1.49597 0.00344514
1.49602 0.00340983
1.49637 0.00339302
1.49625 0.00336089
1.49611 0.00333003
