19.8 43.3395
19.602 38.44
19.406 35.5125
19.2119 40.1672
19.0198 45.2675
18.8296 41.9305
18.6413 37.4653
18.4549 40.7064
18.2703 37.6942
18.0876 40.3735
17.9068 39.2031
17.7277 39.1959
17.5504 46.0557
17.3749 40.2819
17.2012 37.5032
17.0292 40.7582
16.8589 37.6203
16.6903 40.2684
16.5234 43.5268
16.3581 37.8254
16.1946 40.3394
16.0326 36.6121
15.8723 38.8357
15.7136 32.572
15.5564 42.2838
15.4009 47.2731
15.2469 40.7781
15.0944 41.8761
14.9434 40.8614
14.794 44.1235
14.6461 37.607
14.4996 42.6136
14.3546 38.6853
14.2111 43.5931
14.069 43.0982
13.9283 42.253
13.789 38.9607
13.6511 31.5556
13.5146 41.213
13.3794 38.9061
13.2456 39.8783
13.1132 43.9815
12.9821 36.8911
12.8522 44.369
12.7237 34.5566
12.5965 39.3177
12.4705 38.9652
12.3458 40.0226
12.2223 48.9149
12.1001 42.894
11.9791 42.0344
11.8593 39.3403
11.7407 41.4215
11.6233 42.6868
11.5071 38.6955
11.392 39.9804
11.2781 38.3941
11.1653 40.5396
11.0537 35.2551
10.9431 39.3732
10.8337 37.0576
10.7254 35.1318
10.6181 37.6681
10.5119 43.8437
10.4068 35.7996
10.3027 41.7925
10.1997 34.2762
10.0977 48.5603
9.99674 38.7384
9.89677 42.2502
9.79781 38.1884
9.69983 44.0365
9.60283 38.6347
9.5068 40.3336
9.41173 36.4916
9.31762 37.6774
9.22444 37.7048
9.13219 38.8678
9.04087 33.8275
8.95046 34.1858
8.86096 40.5016
8.77235 39.4724
8.68463 41.3877
8.59778 43.1489
8.5118 33.1423
8.42668 36.0976
8.34242 40.5359
8.25899 38.3934
8.1764 37.7247
8.09464 44.8941
8.01369 34.7824
7.93356 31.6455
7.85422 38.4691
7.77568 44.5138
7.69792 42.0225
7.62094 40.9967
7.54473 40.3568
7.46929 36.1054
7.39459 38.5333
7.32065 43.4046
7.24744 40.165
7.17497 33.7293
7.10322 36.8615
7.03218 37.8978
6.96186 34.9757
6.89224 39.1811
6.82332 38.7055
6.75509 39.5815
6.68754 44.4438
6.62066 33.4943
6.55446 36.0326
6.48891 36.3694
6.42402 33.603
6.35978 42.5808
6.29618 42.981
6.23322 40.8336
6.17089 44.8589
6.10918 37.1102
6.04809 42.924
5.98761 44.7034
5.92773 40.7521
5.86845 40.9329
5.80977 40.7878
5.75167 38.5149
5.69416 39.1701
5.63721 37.0274
5.58084 42.4395
5.52503 44.8242
5.46978 29.7489
5.41509 40.6708
5.36093 39.0983
5.30732 36.3911
5.25425 39.1069
5.20171 36.1688
5.14969 35.224
5.0982 39.197
5.04721 37.2717
4.99674 42.6994
4.94677 38.2238
4.89731 41.8184
4.84833 37.4515
4.79985 35.1476
4.75185 42.2732
4.70433 34.6897
4.65729 37.56
4.61072 33.7247
4.56461 41.9713
4.51896 32.2768
4.47377 31.5247
4.42904 41.2313
4.38475 41.2246
4.3409 40.1416
4.29749 40.7344
4.25451 39.1039
4.21197 42.4342
4.16985 41.852
4.12815 34.6726
4.08687 44.8974
4.046 45.7034
4.00554 39.2413
3.96549 40.6847
3.92583 46.1722
3.88657 39.4455
3.84771 40.3233
3.80923 36.2341
3.77114 34.7924
3.73343 34.2844
3.69609 41.6328
3.65913 34.6303
3.62254 33.9887
3.58631 34.358
3.55045 37.6663
3.51495 40.1267
3.4798 40.5575
3.445 36.4343
3.41055 43.2396
3.37644 36.3168
3.34268 39.8686
3.30925 39.7297
3.27616 32.0477
3.2434 33.2513
3.21096 32.9079
3.17885 34.7836
3.14707 43.2455
3.11559 38.0595
3.08444 31.1682
3.05359 33.7912
3.02306 34.5128
2.99283 38.0511
2.9629 36.3255
2.93327 46.5334
2.90394 36.645
2.8749 38.6584
2.84615 34.8235
2.81769 36.945
2.78951 41.8308
2.76162 39.9908
2.734 35.3967
2.70666 36.9578
2.67959 35.9316
2.6528 35.2485
2.62627 33.7855
2.60001 36.8869
2.57401 39.1043
2.54827 33.9198
2.52278 34.6386
2.49756 34.7571
2.47258 38.3629
2.44785 36.6674
2.42338 38.3652
2.39914 35.8659
2.37515 36.5293
2.3514 30.4566
2.32789 35.554
2.30461 36.3948
2.28156 42.4015
2.25875 41.0666
2.23616 33.0436
2.2138 34.341
2.19166 35.0911
2.16974 32.4852
2.14804 31.4319
2.12656 33.9655
2.1053 39.469
2.08425 35.7044
2.0634 37.9248
2.04277 32.5098
2.02234 40.2742
2.00212 39.4849
1.9821 33.1194
1.96228 36.3706
1.94265 37.0238
1.92323 29.5524
1.90399 31.8104
1.88495 33.9611
1.8661 32.5376
1.84744 37.4895
1.82897 34.0725
1.81068 26.2787
1.79257 32.2797
1.77465 33.6868
1.7569 38.7367
1.73933 39.3005
1.72194 41.3081
1.70472 33.8809
1.68767 33.6943
1.67079 32.4527
1.65409 35.8619
1.63755 37.5714
1.62117 38.1064
1.60496 35.6438
1.58891 41.9927
1.57302 32.9419
1.55729 29.8784
1.54172 30.4826
1.5263 40.763
1.51104 37.9466
1.49593 31.8158
1.48097 31.4381
1.46616 33.2584
1.4515 27.3697
1.43698 28.7535
1.42261 31.4806
1.40838 31.3253
1.3943 34.0804
1.38036 35.7889
1.36655 34.0113
1.35289 33.1648
1.33936 37.0628
1.32597 35.8475
1.31271 35.1682
1.29958 35.3939
1.28658 38.1445
1.27372 38.8284
1.26098 35.229
1.24837 35.3816
1.23589 38.809
1.22353 31.2873
1.21129 32.0874
1.19918 34.8531
1.18719 35.2867
1.17532 34.4846
1.16356 32.6464
1.15193 33.3268
1.14041 30.9622
1.129 33.5162
1.11771 34.9434
1.10654 30.2094
1.09547 31.1611
1.08452 26.7085
1.07367 26.1945
1.06294 26.1503
1.05231 26.1778
1.04178 25.3651
1.03137 26.1563
1.02105 28.7592
1.01084 25.8119
1.00073 30.9734
0.990725 29.3233
0.980818 30.9705
0.97101 23.5803
0.9613 34.721
0.951687 31.4064
0.94217 25.1529
0.932748 25.9658
0.923421 30.8142
0.914186 28.3615
0.905044 30.0114
0.895994 22.4871
0.887034 27.8428
0.878164 27.9576
0.869382 27.8329
0.860688 30.1434
0.852081 26.7149
0.843561 29.2063
0.835125 24.5036
0.826774 25.5488
0.818506 23.558
0.810321 27.6355
0.802218 24.7694
0.794196 26.308
0.786254 29.2669
0.778391 24.9804
0.770607 24.8703
0.762901 25.3747
0.755272 23.7023
0.747719 28.4048
0.740242 24.3413
0.73284 19.5323
0.725511 27.6535
0.718256 22.5299
0.711074 26.0011
0.703963 19.9525
0.696923 29.1662
0.689954 20.7954
0.683055 24.0216
0.676224 24.507
0.669462 21.2435
0.662767 18.886
0.656139 16.2425
0.649578 25.2716
0.643082 25.5685
0.636651 21.9413
0.630285 20.5416
0.623982 24.5
0.617742 23.3059
0.611565 21.4458
0.605449 21.5736
0.599395 20.1111
0.593401 23.4169
0.587467 22.9917
0.581592 23.0962
0.575776 19.3228
0.570018 19.5961
0.564318 20.9166
0.558675 19.6119
0.553088 19.6253
0.547557 20.5775
0.542082 17.9924
0.536661 19.365
0.531294 18.2067
0.525981 20.6368
0.520722 24.6865
0.515514 11.8327
0.510359 20.2494
0.505256 23.0054
0.500203 21.0443
0.495201 20.5238
0.490249 17.3698
0.485347 18.3959
0.480493 19.9031
0.475688 20.363
0.470931 16.8594
0.466222 17.0816
0.46156 16.291
0.456944 20.5465
0.452375 18.6541
0.447851 22.2148
0.443372 16.8001
0.438939 18.3832
0.434549 15.4871
0.430204 14.9066
0.425902 12.8765
0.421643 14.5034
0.417426 15.0844
0.413252 14.5254
0.40912 16.2645
0.405028 16.5444
0.400978 16.8303
0.396968 17.9567
0.392999 15.8338
0.389069 19.6312
0.385178 15.8713
0.381326 13.1479
0.377513 14.7934
0.373738 14.1081
0.37 14.7454
0.3663 15.3636
0.362637 12.3436
0.359011 14.2338
0.355421 15.0338
0.351867 15.8239
0.348348 16.8594
0.344865 15.0794
0.341416 13.1081
0.338002 11.8417
0.334622 10.387
0.331276 10.2394
0.327963 14.8819
0.324683 11.8985
0.321436 11.0667
0.318222 10.9284
0.31504 11.7217
0.311889 13.9693
0.30877 10.4896
0.305683 10.786
0.302626 9.60259
0.2996 10.5115
0.296604 11.0491
0.293638 12.7244
0.290701 14.9858
0.287794 12.4278
0.284916 13.0853
0.282067 10.4248
0.279246 11.1908
0.276454 12.7758
0.273689 9.69201
0.270953 10.1937
0.268243 9.07984
0.265561 8.47874
0.262905 10.033
0.260276 10.1653
0.257673 9.26996
0.255096 10.9143
0.252546 9.6937
0.25002 7.68041
0.24752 8.37416
0.245045 8.56458
0.242594 10.0849
0.240168 7.78142
0.237767 8.86521
0.235389 8.66306
0.233035 8.70597
0.230705 10.1195
0.228398 7.19361
0.226114 9.52132
0.223853 8.01135
0.221614 8.30602
0.219398 8.68723
0.217204 8.13362
0.215032 9.18852
0.212882 9.3502
0.210753 11.0855
0.208645 9.43437
0.206559 7.35986
0.204493 8.09256
0.202448 9.36744
0.200424 8.24316
0.198419 8.43795
0.196435 9.81839
0.194471 8.78176
0.192526 9.88761
0.190601 9.11005
0.188695 8.01917
0.186808 8.28255
0.18494 6.63911
0.183091 6.95458
0.18126 8.09514
0.179447 7.82702
0.177653 7.93723
0.175876 8.20447
0.174117 7.78769
0.172376 7.72619
0.170652 8.02728
0.168946 9.64651
0.167256 8.22292
0.165584 7.25965
0.163928 7.88116
0.162289 7.19607
0.160666 7.65149
0.159059 6.97926
0.157469 7.44641
0.155894 7.61345
0.154335 7.56558
0.152792 6.75732
0.151264 6.93305
0.149751 7.31552
0.148254 7.23376
0.146771 7.2528
0.145303 6.97916
0.14385 7.72373
0.142412 6.28523
0.140988 7.54176
0.139578 7.30481
0.138182 7.11831
0.1368 7.20686
0.135432 6.72431
0.134078 7.27923
0.132737 7.14206
0.13141 6.49869
0.130096 6.63972
0.128795 6.52757
0.127507 6.54831
0.126232 6.7948
0.124969 8.32252
0.12372 7.66608
0.122482 7.23486
0.121258 7.22573
0.120045 6.65327
0.118845 6.87084
0.117656 7.18864
0.11648 6.91615
0.115315 7.0838
0.114162 6.81
0.11302 6.85254
0.11189 6.596
0.110771 6.67542
0.109663 6.62255
0.108567 6.81883
0.107481 7.69576
0.106406 6.65467
0.105342 7.28308
0.104289 6.78779
0.103246 6.89701
0.102213 7.06843
0.101191 6.96699
0.100179 6.32954
0.0991774 6.58825
0.0981856 6.58655
0.0972038 6.61921
0.0962317 6.76514
0.0952694 7.33875
0.0943167 6.49767
0.0933736 6.58999
0.0924398 6.40253
0.0915154 6.35249
0.0906003 6.33984
0.0896943 6.42762
0.0887973 6.32875
0.0879094 6.75552
0.0870303 6.50658
0.08616 6.80228
0.0852984 6.47379
0.0844454 6.30773
0.0836009 6.2403
0.0827649 6.62075
0.0819373 6.48555
0.0811179 7.03169
0.0803067 7.14231
0.0795036 6.4121
0.0787086 6.87965
0.0779215 6.37734
0.0771423 6.60056
0.0763709 6.93994
0.0756072 6.81605
0.0748511 6.84574
0.0741026 6.41936
0.0733616 6.36739
0.0726279 6.63536
0.0719017 6.54318
0.0711827 6.57722
0.0704708 6.31709
0.0697661 6.60586
0.0690685 6.50057
0.0683778 6.69812
0.067694 6.58757
0.0670171 6.2403
0.0663469 6.41283
0.0656834 6.60245
0.0650266 6.63522
0.0643763 6.45254
0.0637326 6.3475
0.0630952 6.34362
0.0624643 6.47855
0.0618396 6.48266
0.0612212 6.48122
0.060609 6.31063
0.0600029 6.27474
0.0594029 6.30678
0.0588089 6.3828
0.0582208 6.36611
0.0576386 6.38265
0.0570622 6.42218
0.0564916 6.44041
0.0559267 6.44375
0.0553674 6.47296
0.0548137 6.37153
0.0542656 6.34992
0.0537229 6.30539
0.0531857 6.28523
0.0526538 6.33865
0.0521273 6.39464
0.051606 6.32527
0.05109 6.36362
0.0505791 6.59288
0.0500733 6.32461
0.0495725 6.31971
0.0490768 6.408
0.048586 6.3828
0.0481002 6.43467
0.0476192 6.30221
0.047143 6.32694
0.0466716 6.38627
0.0462048 6.33043
0.0457428 6.33865
0.0452854 6.25319
0.0448325 6.28523
0.0443842 6.28232
0.0439403 6.29962
0.0435009 6.49152
0.0430659 6.40788
0.0426353 6.48509
0.0422089 6.37652
0.0417868 6.56399
0.041369 6.44489
0.0409553 6.30473
0.0405457 6.49366
0.0401403 6.40682
0.0397389 6.2403
0.0393415 6.24787
0.0389481 6.38442
0.0385586 6.34206
0.038173 6.33202
0.0377913 6.30015
0.0374134 6.2657
0.0370392 6.28317
0.0366688 6.29962
0.0363021 6.34622
0.0359391 6.27474
0.0355797 6.26185
0.0352239 6.31214
0.0348717 6.33865
0.034523 6.31971
0.0341777 6.56603
0.033836 6.46078
0.0334976 6.31709
0.0331626 6.27823
0.032831 6.3072
0.0325027 6.26076
0.0321777 6.31177
0.0318559 6.29075
0.0315373 6.28617
0.031222 6.2403
0.0309097 6.30015
0.0306006 6.27859
0.0302946 6.2657
0.0299917 6.33767
0.0296918 6.31296
0.0293949 6.29431
0.0291009 6.26943
0.0288099 6.25776
0.0285218 6.26185
0.0282366 6.29812
0.0279542 6.3326
0.0276747 6.27328
0.0273979 6.29463
0.0271239 6.26185
0.0268527 6.25319
0.0265842 6.29316
0.0263183 6.41088
0.0260552 6.26076
0.0257946 6.27474
0.0255367 6.27328
0.0252813 6.33761
0.0250285 6.25319
0.0247782 6.35159
0.0245304 6.30715
0.0242851 6.26776
0.0240423 6.2403
0.0238018 6.32694
0.0235638 6.42017
0.0233282 6.39269
0.0230949 6.30662
0.0228639 6.29431
0.0226353 6.31971
0.022409 6.30364
0.0221849 6.25776
0.021963 6.30364
0.0217434 6.27859
0.0215259 6.27307
0.0213107 6.25319
0.0210976 6.26776
0.0208866 6.26534
0.0206777 6.28673
0.020471 6.30364
0.0202663 6.2657
0.0200636 6.27823
0.019863 6.30539
0.0196643 6.27932
0.0194677 6.2403
0.019273 6.26534
0.0190803 6.24787
0.0188895 6.27474
0.0187006 6.26534
0.0185136 6.35032
0.0183284 6.24787
0.0181452 6.26076
0.0179637 6.27823
0.0177841 6.27474
0.0176062 6.27474
0.0174302 6.27307
0.0172559 6.26776
0.0170833 6.26776
0.0169125 6.2403
0.0167433 6.30773
0.0165759 6.28673
0.0164102 6.26018
0.016246 6.24787
0.0160836 6.24787
0.0159228 6.2403
0.0157635 6.25319
0.0156059 6.25319
0.0154498 6.27065
0.0152953 6.2657
0.0151424 6.26534
0.014991 6.25319
0.014841 6.27307
0.0146926 6.30678
0.0145457 6.29075
0.0144003 6.25319
0.0142562 6.25319
0.0141137 6.24787
0.0139726 6.2657
0.0138328 6.26076
0.0136945 6.24787
0.0135576 6.2403
0.013422 6.2403
0.0132878 6.24787
0.0131549 6.2403
0.0130233 6.30662
0.0128931 6.27328
0.0127642 6.2403
0.0126365 6.28065
0.0125102 6.28232
0.0123851 6.26943
0.0122612 6.26185
0.0121386 6.26943
0.0120172 6.28673
0.011897 6.2403
0.0117781 6.24787
0.0116603 6.25319
0.0115437 6.2403
0.0114282 6.2403
0.011314 6.25319
0.0112008 6.26076
0.0110888 6.27065
0.0109779 6.29316
0.0108681 6.25319
0.0107595 6.24787
0.0106519 6.27065
0.0105454 6.2403
0.0104399 6.26185
0.0103355 6.27328
0.0102321 6.26185
0.0101298 6.2403
0.0100285 6.26185
0.00992824 6.26018
0.00982896 6.2403
0.00973067 6.2657
0.00963336 6.2403
0.00953703 6.28673
0.00944166 6.26534
0.00934724 6.27307
0.00925377 6.25776
0.00916123 6.2403
0.00906962 6.2403
0.00897892 6.2403
0.00888913 6.24787
0.00880024 6.2403
0.00871224 6.2403
0.00862512 6.2403
0.00853887 6.2403
0.00845348 6.28317
0.00836894 6.26018
0.00828525 6.2403
0.0082024 6.2403
0.00812038 6.2403
0.00803917 6.25319
0.00795878 6.25319
0.00787919 6.2403
0.0078004 6.24787
0.0077224 6.2403
0.00764517 6.26076
0.00756872 6.27932
0.00749303 6.24787
0.0074181 6.2403
0.00734392 6.2403
0.00727048 6.26534
0.00719778 6.24787
0.0071258 6.2403
0.00705454 6.2403
0.006984 6.2403
0.00691416 6.24787
0.00684502 6.25319
0.00677657 6.24787
0.0067088 6.2403
0.00664171 6.2403
0.0065753 6.2403
0.00650954 6.26185
0.00644445 6.25319
0.00638 6.2403
0.0063162 6.25776
0.00625304 6.2403
0.00619051 6.2403
0.00612861 6.2403
0.00606732 6.2403
0.00600665 6.24787
0.00594658 6.2403
0.00588711 6.25319
0.00582824 6.26076
0.00576996 6.24787
0.00571226 6.26076
0.00565514 6.24787
0.00559859 6.2403
0.0055426 6.2403
0.00548717 6.24787
0.0054323 6.26534
0.00537798 6.26185
0.0053242 6.26776
0.00527096 6.2403
0.00521825 6.2403
0.00516607 6.2403
0.00511441 6.2403
0.00506326 6.26076
0.00501263 6.2403
0.0049625 6.2403
0.00491288 6.2403
0.00486375 6.2403
0.00481511 6.2403
0.00476696 6.2403
0.00471929 6.24787
0.0046721 6.2403
0.00462538 6.2403
0.00457912 6.2403
0.00453333 6.2403
0.004488 6.2403
0.00444312 6.2403
0.00439869 6.2403
0.0043547 6.2403
0.00431115 6.2403
0.00426804 6.2403
0.00422536 6.2403
0.00418311 6.2403
0.00414128 6.2403
0.00409986 6.2403
0.00405887 6.2403
0.00401828 6.24787
0.00397809 6.2403
0.00393831 6.2403
0.00389893 6.2403
0.00385994 6.2403
0.00382134 6.2403
0.00378313 6.2403
0.0037453 6.2403
0.00370784 6.2403
0.00367076 6.2403
0.00363406 6.2403
0.00359772 6.2403
0.00356174 6.2403
0.00352612 6.2403
0.00349086 6.2403
0.00345595 6.2403
0.00342139 6.2403
0.00338718 6.2403
0.00335331 6.2403
0.00331977 6.2403
0.00328658 6.2403
0.00325371 6.2403
0.00322117 6.2403
0.00318896 6.2403
0.00315707 6.24787
0.0031255 6.2403
0.00309425 6.2403
0.0030633 6.24787
0.00303267 6.2403
0.00300234 6.2403
0.00297232 6.2403
0.0029426 6.2403
0.00291317 6.2403
0.00288404 6.2403
0.0028552 6.2403
0.00282665 6.2403
0.00279838 6.2403
0.0027704 6.2403
0.00274269 6.2403
0.00271527 6.2403
0.00268811 6.2403
0.00266123 6.2403
0.00263462 6.2403
0.00260827 6.2403
0.00258219 6.24787
0.00255637 6.2403
0.00253081 6.24787
0.0025055 6.2403
0.00248044 6.2403
0.00245564 6.2403
0.00243108 6.2403
0.00240677 6.2403
0.0023827 6.2403
0.00235888 6.2403
0.00233529 6.2403
0.00231193 6.2403
0.00228882 6.2403
0.00226593 6.2403
0.00224327 6.2403
0.00222084 6.2403
0.00219863 6.2403
0.00217664 6.2403
0.00215487 6.2403
0.00213333 6.2403
0.00211199 6.2403
0.00209087 6.2403
0.00206996 6.2403
0.00204926 6.2403
0.00202877 6.2403
0.00200848 6.2403
0.0019884 6.2403
0.00196851 6.2403
0.00194883 6.2403
0.00192934 6.2403
0.00191005 6.2403
0.00189095 6.2403
0.00187204 6.2403
0.00185332 6.2403
0.00183478 6.2403
0.00181644 6.2403
0.00179827 6.2403
0.00178029 6.2403
0.00176249 6.2403
0.00174486 6.2403
0.00172741 6.2403
0.00171014 6.2403
0.00169304 6.2403
0.00167611 6.2403
0.00165935 6.2403
0.00164275 6.2403
0.00162632 6.2403
0.00161006 6.2403
0.00159396 6.2403
0.00157802 6.2403
0.00156224 6.2403
0.00154662 6.2403
0.00153115 6.2403
0.00151584 6.2403
0.00150068 6.2403
0.00148568 6.2403
0.00147082 6.2403
0.00145611 6.2403
0.00144155 6.2403
0.00142713 6.2403
0.00141286 6.2403
0.00139873 6.2403
0.00138475 6.2403
0.0013709 6.2403
0.00135719 6.2403
0.00134362 6.2403
0.00133018 6.2403
0.00131688 6.2403
0.00130371 6.2403
0.00129067 6.2403
0.00127777 6.2403
0.00126499 6.2403
0.00125234 6.2403
0.00123982 6.2403
0.00122742 6.2403
0.00121514 6.2403
0.00120299 6.2403
0.00119096 6.2403
0.00117905 6.2403
0.00116726 6.2403
0.00115559 6.2403
0.00114403 6.2403
0.00113259 6.2403
0.00112127 6.2403
0.00111006 6.2403
0.00109896 6.2403
0.00108797 6.2403
0.00107709 6.2403
0.00106631 6.2403
0.00105565 6.2403
0.0010451 6.2403
0.00103464 6.2403
0.0010243 6.2403
0.00101405 6.2403
0.00100391 6.2403
0.000993875 6.2403
0.000983936 6.2403
0.000974097 6.2403
0.000964356 6.2403
0.000954713 6.2403
0.000945165 6.2403
0.000935714 6.2403
0.000926357 6.2403
0.000917093 6.2403
0.000907922 6.2403
0.000898843 6.2403
0.000889855 6.2403
0.000880956 6.2403
0.000872146 6.2403
0.000863425 6.2403
0.000854791 6.2403
0.000846243 6.2403
0.00083778 6.2403
0.000829403 6.2403
0.000821109 6.2403
0.000812897 6.2403
0.000804768 6.2403
0.000796721 6.2403
0.000788754 6.2403
0.000780866 6.2403
0.000773057 6.2403
0.000765327 6.2403
0.000757674 6.2403
0.000750097 6.2403
0.000742596 6.2403
0.00073517 6.2403
0.000727818 6.2403
0.00072054 6.2403
0.000713335 6.2403
0.000706201 6.2403
0.000699139 6.2403
0.000692148 6.2403
0.000685226 6.2403
0.000678374 6.2403
0.00067159 6.2403
0.000664874 6.2403
0.000658226 6.2403
0.000651643 6.2403
0.000645127 6.2403
0.000638676 6.2403
0.000632289 6.2403
0.000625966 6.2403
0.000619706 6.2403
0.000613509 6.2403
0.000607374 6.2403
0.000601301 6.2403
0.000595288 6.2403
0.000589335 6.2403
0.000583441 6.2403
0.000577607 6.2403
0.000571831 6.2403
0.000566113 6.2403
0.000560451 6.2403
0.000554847 6.2403
0.000549298 6.2403
0.000543805 6.2403
0.000538367 6.2403
0.000532984 6.2403
0.000527654 6.2403
0.000522377 6.2403
0.000517154 6.2403
0.000511982 6.2403
0.000506862 6.2403
0.000501794 6.2403
0.000496776 6.2403
0.000491808 6.2403
0.00048689 6.2403
0.000482021 6.2403
0.000477201 6.2403
0.000472429 6.2403
0.000467704 6.2403
0.000463027 6.2403
0.000458397 6.2403
0.000453813 6.2403
0.000449275 6.2403
0.000444782 6.2403
0.000440334 6.2403
0.000435931 6.2403
0.000431572 6.2403
0.000427256 6.2403
0.000422983 6.2403
0.000418754 6.2403
0.000414566 6.2403
0.00041042 6.2403
0.000406316 6.2403
0.000402253 6.2403
0.000398231 6.2403
0.000394248 6.2403
0.000390306 6.2403
0.000386403 6.2403
0.000382539 6.2403
0.000378713 6.2403
0.000374926 6.2403
0.000371177 6.2403
0.000367465 6.2403
0.00036379 6.2403
0.000360153 6.2403
0.000356551 6.2403
0.000352986 6.2403
0.000349456 6.2403
0.000345961 6.2403
0.000342502 6.2403
0.000339076 6.2403
0.000335686 6.2403
0.000332329 6.2403
0.000329006 6.2403
0.000325716 6.2403
0.000322458 6.2403
0.000319234 6.2403
0.000316041 6.2403
0.000312881 6.2403
0.000309752 6.2403
0.000306655 6.2403
0.000303588 6.2403
0.000300552 6.2403
0.000297547 6.2403
0.000294571 6.2403
0.000291626 6.2403
0.000288709 6.2403
0.000285822 6.2403
0.000282964 6.2403
0.000280134 6.2403
0.000277333 6.2403
0.00027456 6.2403
0.000271814 6.2403
0.000269096 6.2403
0.000266405 6.2403
0.000263741 6.2403
0.000261104 6.2403
0.000258492 6.2403
0.000255908 6.2403
0.000253348 6.2403
0.000250815 6.2403
0.000248307 6.2403
0.000245824 6.2403
0.000243366 6.2403
0.000240932 6.2403
0.000238523 6.2403
0.000236137 6.2403
0.000233776 6.2403
0.000231438 6.2403
0.000229124 6.2403
0.000226833 6.2403
0.000224564 6.2403
0.000222319 6.2403
0.000220095 6.2403
0.000217894 6.2403
0.000215716 6.2403
0.000213558 6.2403
0.000211423 6.2403
0.000209309 6.2403
0.000207215 6.2403
0.000205143 6.2403
0.000203092 6.2403
0.000201061 6.2403
0.00019905 6.2403
0.00019706 6.2403
0.000195089 6.2403
0.000193138 6.2403
0.000191207 6.2403
0.000189295 6.2403
0.000187402 6.2403
0.000185528 6.2403
0.000183673 6.2403
0.000181836 6.2403
0.000180018 6.2403
0.000178217 6.2403
0.000176435 6.2403
0.000174671 6.2403
0.000172924 6.2403
0.000171195 6.2403
0.000169483 6.2403
0.000167788 6.2403
0.00016611 6.2403
0.000164449 6.2403
0.000162805 6.2403
0.000161177 6.2403
0.000159565 6.2403
0.000157969 6.2403
0.00015639 6.2403
0.000154826 6.2403
0.000153277 6.2403
0.000151745 6.2403
0.000150227 6.2403
0.000148725 6.2403
0.000147238 6.2403
0.000145765 6.2403
0.000144308 6.2403
0.000142865 6.2403
0.000141436 6.2403
0.000140022 6.2403
0.000138621 6.2403
0.000137235 6.2403
0.000135863 6.2403
0.000134504 6.2403
0.000133159 6.2403
0.000131827 6.2403
0.000130509 6.2403
0.000129204 6.2403
0.000127912 6.2403
0.000126633 6.2403
0.000125367 6.2403
0.000124113 6.2403
0.000122872 6.2403
0.000121643 6.2403
0.000120427 6.2403
0.000119222 6.2403
0.00011803 6.2403
0.00011685 6.2403
0.000115681 6.2403
0.000114525 6.2403
0.000113379 6.2403
0.000112246 6.2403
0.000111123 6.2403
0.000110012 6.2403
0.000108912 6.2403
0.000107823 6.2403
0.000106744 6.2403
0.000105677 6.2403
0.00010462 6.2403
0.000103574 6.2403
0.000102538 6.2403
0.000101513 6.2403
0.000100498 6.2403
9.94927e-05 6.2403
9.84978e-05 6.2403
9.75128e-05 6.2403
9.65377e-05 6.2403
9.55723e-05 6.2403
9.46166e-05 6.2403
9.36704e-05 6.2403
9.27337e-05 6.2403
9.18064e-05 6.2403
9.08883e-05 6.2403
8.99795e-05 6.2403
8.90797e-05 6.2403
8.81889e-05 6.2403
8.7307e-05 6.2403
8.64339e-05 6.2403
8.55696e-05 6.2403
8.47139e-05 6.2403
8.38667e-05 6.2403
8.30281e-05 6.2403
8.21978e-05 6.2403
8.13758e-05 6.2403
8.05621e-05 6.2403
7.97564e-05 6.2403
7.89589e-05 6.2403
7.81693e-05 6.2403
7.73876e-05 6.2403
7.66137e-05 6.2403
7.58476e-05 6.2403
7.50891e-05 6.2403
7.43382e-05 6.2403
7.35948e-05 6.2403
7.28589e-05 6.2403
7.21303e-05 6.2403
7.1409e-05 6.2403
7.06949e-05 6.2403
6.99879e-05 6.2403
6.92881e-05 6.2403
6.85952e-05 6.2403
6.79092e-05 6.2403
6.72301e-05 6.2403
6.65578e-05 6.2403
6.58923e-05 6.2403
6.52333e-05 6.2403
6.4581e-05 6.2403
6.39352e-05 6.2403
6.32958e-05 6.2403
6.26629e-05 6.2403
6.20363e-05 6.2403
6.14159e-05 6.2403
6.08017e-05 6.2403
6.01937e-05 6.2403
5.95918e-05 6.2403
5.89959e-05 6.2403
5.84059e-05 6.2403
5.78218e-05 6.2403
5.72436e-05 6.2403
5.66712e-05 6.2403
5.61045e-05 6.2403
5.55434e-05 6.2403
5.4988e-05 6.2403
5.44381e-05 6.2403
5.38937e-05 6.2403
5.33548e-05 6.2403
5.28213e-05 6.2403
5.2293e-05 6.2403
5.17701e-05 6.2403
5.12524e-05 6.2403
5.07399e-05 6.2403
5.02325e-05 6.2403
4.97302e-05 6.2403
4.92329e-05 6.2403
4.87405e-05 6.2403
4.82531e-05 6.2403
4.77706e-05 6.2403
4.72929e-05 6.2403
4.682e-05 6.2403
4.63518e-05 6.2403
4.58882e-05 6.2403
4.54294e-05 6.2403
4.49751e-05 6.2403
4.45253e-05 6.2403
4.40801e-05 6.2403
4.36393e-05 6.2403
4.32029e-05 6.2403
4.27708e-05 6.2403
4.23431e-05 6.2403
4.19197e-05 6.2403
4.15005e-05 6.2403
4.10855e-05 6.2403
4.06746e-05 6.2403
4.02679e-05 6.2403
3.98652e-05 6.2403
3.94666e-05 6.2403
3.90719e-05 6.2403
3.86812e-05 6.2403
3.82944e-05 6.2403
3.79114e-05 6.2403
3.75323e-05 6.2403
3.7157e-05 6.2403
3.67854e-05 6.2403
3.64176e-05 6.2403
3.60534e-05 6.2403
3.56929e-05 6.2403
3.53359e-05 6.2403
3.49826e-05 6.2403
3.46327e-05 6.2403
3.42864e-05 6.2403
3.39435e-05 6.2403
3.36041e-05 6.2403
3.32681e-05 6.2403
3.29354e-05 6.2403
3.2606e-05 6.2403
3.228e-05 6.2403
3.19572e-05 6.2403
3.16376e-05 6.2403
3.13212e-05 6.2403
3.1008e-05 6.2403
3.06979e-05 6.2403
3.0391e-05 6.2403
3.0087e-05 6.2403
2.97862e-05 6.2403
2.94883e-05 6.2403
2.91934e-05 6.2403
2.89015e-05 6.2403
2.86125e-05 6.2403
2.83264e-05 6.2403
2.80431e-05 6.2403
2.77627e-05 6.2403
2.7485e-05 6.2403
2.72102e-05 6.2403
2.69381e-05 6.2403
2.66687e-05 6.2403
2.6402e-05 6.2403
2.6138e-05 6.2403
2.58766e-05 6.2403
2.56179e-05 6.2403
2.53617e-05 6.2403
2.51081e-05 6.2403
2.4857e-05 6.2403
2.46084e-05 6.2403
2.43623e-05 6.2403
2.41187e-05 6.2403
2.38775e-05 6.2403
2.36387e-05 6.2403
2.34023e-05 6.2403
2.31683e-05 6.2403
2.29366e-05 6.2403
2.27073e-05 6.2403
2.24802e-05 6.2403
2.22554e-05 6.2403
2.20328e-05 6.2403
2.18125e-05 6.2403
2.15944e-05 6.2403
2.13784e-05 6.2403
2.11647e-05 6.2403
2.0953e-05 6.2403
2.07435e-05 6.2403
2.05361e-05 6.2403
2.03307e-05 6.2403
2.01274e-05 6.2403
1.99261e-05 6.2403
1.97269e-05 6.2403
1.95296e-05 6.2403
1.93343e-05 6.2403
1.91409e-05 6.2403
1.89495e-05 6.2403
1.876e-05 6.2403
1.85724e-05 6.2403
1.83867e-05 6.2403
1.82028e-05 6.2403
1.80208e-05 6.2403
1.78406e-05 6.2403
1.76622e-05 6.2403
1.74856e-05 6.2403
1.73107e-05 6.2403
1.71376e-05 6.2403
1.69662e-05 6.2403
1.67966e-05 6.2403
1.66286e-05 6.2403
1.64623e-05 6.2403
1.62977e-05 6.2403
1.61347e-05 6.2403
1.59734e-05 6.2403
1.58136e-05 6.2403
1.56555e-05 6.2403
1.5499e-05 6.2403
1.5344e-05 6.2403
1.51905e-05 6.2403
1.50386e-05 6.2403
1.48882e-05 6.2403
1.47394e-05 6.2403
1.4592e-05 6.2403
1.4446e-05 6.2403
1.43016e-05 6.2403
1.41586e-05 6.2403
1.4017e-05 6.2403
1.38768e-05 6.2403
1.3738e-05 6.2403
1.36007e-05 6.2403
1.34647e-05 6.2403
1.333e-05 6.2403
1.31967e-05 6.2403
1.30647e-05 6.2403
1.29341e-05 6.2403
1.28048e-05 6.2403
1.26767e-05 6.2403
1.25499e-05 6.2403
1.24244e-05 6.2403
1.23002e-05 6.2403
1.21772e-05 6.2403
1.20554e-05 6.2403
1.19349e-05 6.2403
1.18155e-05 6.2403
1.16974e-05 6.2403
1.15804e-05 6.2403
1.14646e-05 6.2403
1.13499e-05 6.2403
1.12364e-05 6.2403
1.11241e-05 6.2403
1.10128e-05 6.2403
1.09027e-05 6.2403
1.07937e-05 6.2403
1.06857e-05 6.2403
1.05789e-05 6.2403
1.04731e-05 6.2403
1.03684e-05 6.2403
1.02647e-05 6.2403
1.0162e-05 6.2403
1.00604e-05 6.2403
9.95981e-06 6.2403
