0 -0.717438 -0.696622
1 -0.857475 -0.514526
2 -0.918621 -0.395141
3 -0.991185 -0.132484
4 -0.99409 -0.108559
5 -0.828755 0.559612
6 -0.517451 0.855713
7 -0.162898 0.986643
8 -0.0379544 0.999279
9 -0.0292022 0.999574
10 0.127549 0.991832
11 0.278842 0.960337
12 0.556795 0.83065
13 0.861013 0.508582
14 0.866516 0.499149
15 0.898201 0.439585
16 0.899863 0.436172
17 0.958778 0.284157
18 0.99935 -0.0360588
19 0.999094 -0.0425466
20 0.991422 -0.130703
21 0.98968 -0.143295
22 0.98434 -0.176278
23 0.691382 -0.722489
24 0.488179 -0.872744
25 0.182674 -0.983174
26 0.049608 -0.998769
27 -0.0673445 -0.99773
28 -0.105596 -0.994409
29 -0.348772 -0.937208
30 -0.482167 -0.876079
31 -0.490913 -0.871209
32 -0.717438 -0.696622
