0 0.122649 0.169918
1 0.233157 0.193293
2 0.257893 0.239268
3 0.0527608 0.453507
4 0.0173017 0.583179
5 0.12096 0.680137
6 0.0646429 0.754654
7 0.22611 0.99461
8 0.371496 0.836567
9 0.493226 0.756047
10 0.577269 0.840005
11 0.656019 0.905484
12 0.765764 0.970267
13 0.918855 0.939875
14 0.931865 0.754052
15 0.616809 0.580468
16 0.477115 0.571835
17 0.471797 0.584917
18 0.168325 0.572439
19 0.279233 0.545858
20 0.479138 0.49426
21 0.686006 0.369351
22 0.729649 0.331166
23 0.651955 0.213852
24 0.713423 0.111777
25 0.813285 0.0179424
26 0.776048 0.0211376
27 0.705029 0.0860072
28 0.67838 0.0982145
29 0.501858 0.024284
30 0.133804 0.0534795
31 0.0839539 0.159259
32 0.122649 0.169918
