1 0
1.41559 0.407345
1.73472 0.407753
2.0022 0.408383
2.2371 0.40737
2.45254 0.407908
2.64934 0.407134
2.83119 0.407298
3.00518 0.40856
3.16666 0.40797
3.31967 0.408596
3.46735 0.408597
3.6074 0.40806
3.74664 0.40861
3.87495 0.408775
4.00239 0.409324
4.12579 0.409146
4.24552 0.410032
4.36365 0.410193
4.47423 0.409231
4.58344 0.408326
4.6908 0.408477
4.79767 0.40861
4.90028 0.409138
5.00021 0.409052
5.10159 0.40911
5.19947 0.409498
5.29689 0.40903
5.38716 0.40851
5.4811 0.40869
5.56994 0.40852
5.65954 0.40895
5.74773 0.409317
5.83472 0.409448
5.9208 0.409752
6.00398 0.409622
6.08395 0.408797
6.16612 0.409042
6.24578 0.409107
6.32253 0.408908
6.40244 0.409045
6.48114 0.408685
6.55812 0.408714
6.63274 0.408163
6.70888 0.40832
6.78196 0.408069
6.85483 0.408632
6.92606 0.408447
6.99683 0.408431
7.06894 0.408698
7.14079 0.409544
7.20934 0.409369
7.27847 0.40967
7.34601 0.409862
7.41663 0.409731
7.4805 0.40975
7.54398 0.40964
7.61313 0.410153
7.67832 0.409557
7.74514 0.409679
7.81003 0.410158
7.87474 0.409989
7.93965 0.410073
7.99918 0.41028
8.06247 0.410462
8.12281 0.409987
8.18796 0.410385
8.25009 0.410493
8.31234 0.410615
8.36888 0.410488
8.42659 0.410352
8.48634 0.410353
8.54602 0.410672
8.60355 0.410272
8.66492 0.410403
8.72186 0.410472
8.77822 0.410712
8.83914 0.411414
8.89627 0.411651
8.95356 0.411642
9.00579 0.411232
9.06233 0.41103
9.12004 0.411056
9.17483 0.410748
9.23004 0.411322
9.28226 0.41111
9.33556 0.41124
9.38878 0.411006
9.44322 0.411404
9.49544 0.411118
9.54732 0.41101
9.59759 0.411174
9.65024 0.4111
9.70077 0.410887
9.74918 0.410838
9.80072 0.410868
9.85134 0.41076
9.89983 0.410338
9.94941 0.410419
9.99568 0.410453
