1 0
1.41431 0.406747
1.73233 0.408126
2.00073 0.409147
2.23633 0.408804
2.44966 0.407978
2.64359 0.408199
2.82578 0.408229
2.99762 0.407797
3.1642 0.409303
3.31751 0.409206
3.46271 0.409497
3.60734 0.410189
3.74402 0.409799
3.87589 0.409842
4.00101 0.408747
4.12433 0.408473
4.2445 0.407616
4.36279 0.408381
4.4719 0.408712
4.58233 0.408578
4.68654 0.407834
4.7899 0.407569
4.89358 0.407696
4.99453 0.407919
5.09491 0.408037
5.19297 0.408297
5.28599 0.409141
5.3774 0.409112
5.46941 0.408765
5.55896 0.40913
5.64591 0.409461
5.73366 0.40907
5.82126 0.408819
5.90563 0.409111
5.98989 0.409077
6.07339 0.408279
6.15409 0.408312
6.23528 0.408262
6.31332 0.40801
6.392 0.407489
6.46905 0.40727
6.54409 0.406964
6.62037 0.407005
6.69634 0.406938
6.76866 0.406601
6.84251 0.407002
6.91593 0.407337
6.98904 0.407065
7.06051 0.407378
7.13151 0.407312
7.19785 0.407373
7.26789 0.407731
7.33633 0.407393
7.4049 0.407602
7.46944 0.407546
7.53897 0.407238
7.60667 0.407296
7.67218 0.407057
7.73727 0.406453
7.80219 0.406649
7.86732 0.40677
7.93087 0.406948
7.99631 0.406819
8.06013 0.40673
8.12267 0.406353
8.18194 0.406282
8.24265 0.406601
8.30484 0.406307
8.36626 0.407077
8.42593 0.407148
8.48582 0.407291
8.54257 0.40696
8.60113 0.407038
8.66112 0.406944
8.7166 0.406596
8.77241 0.406578
8.82718 0.406335
8.88572 0.406743
8.9388 0.406797
8.99514 0.406934
9.0506 0.407271
9.10459 0.407148
9.15842 0.406933
9.21322 0.407203
9.26525 0.407221
9.32297 0.407317
9.37706 0.40766
9.42964 0.407966
9.484 0.40805
9.53797 0.407911
9.58934 0.408094
9.64366 0.408242
9.69566 0.408939
9.74871 0.408908
9.79793 0.408733
9.84758 0.408492
9.89643 0.408344
9.94538 0.408308
9.99287 0.408527
