9.90785
9.29565
9.55579
9.33046
10.7564
9.31749
9.6947
8.94712
10.1611
9.19096
10.1578
9.39413
9.58542
10.0318
9.51537
9.41624
9.65484
9.86586
9.16757
9.67801
9.99079
9.68647
9.82281
9.30925
8.99779
10.4882
9.01636
9.88216
9.50389
9.52633
9.62767
9.7434
9.45348
10.335
9.62368
9.00689
9.74677
9.85954
9.89908
9.29365
9.85983
9.83666
10.1032
9.67677
9.44736
9.26796
10.3043
9.57847
9.87489
9.66509
9.32831
9.83806
9.70356
9.70622
9.8132
8.58672
10.1559
9.65225
9.16809
9.50574
10.1661
9.96034
9.94802
9.3936
9.84768
9.47706
9.3376
9.91112
9.90444
9.87365
9.33269
9.86874
9.47561
8.75927
10.1563
9.73921
9.58424
9.72559
9.99256
9.67932
9.51498
9.73299
9.58646
9.40213
9.73289
9.77329
10.3083
9.70035
9.10408
9.30684
9.71998
9.61782
10.1176
9.72899
9.45289
9.60272
9.02043
9.36075
10.5285
9.54067
9.76885
9.42917
9.19648
9.67864
9.78768
9.81851
9.68135
10.1171
9.19503
9.29583
10.1285
9.59941
9.52823
9.54697
10.0833
9.43075
9.82236
9.34664
9.92876
9.85939
9.66844
9.254
9.63311
9.98334
9.35936
9.38315
9.83267
9.97239
9.45704
9.15826
9.99935
10.2216
8.98611
9.66673
9.42072
10.6552
8.81749
9.3336
9.59826
10.4927
9.3452
9.17397
9.50223
10.4483
9.21321
10.239
9.34655
9.36447
9.26719
9.82597
10.2107
9.78556
9.35132
9.18174
9.858
9.15962
10.0146
9.52519
9.75855
9.83716
9.35656
9.29424
9.67617
9.4621
9.88626
10.0387
9.46481
9.50172
10.1861
9.44803
9.8165
9.23041
9.93734
9.4574
9.85886
10.0829
9.79424
9.2618
9.64969
9.54301
9.42257
9.49982
10.5072
9.25878
9.62514
9.30157
10.1245
9.34046
9.80054
9.81534
9.95202
9.97777
9.34487
9.53696
9.10779
10.2452
9.43355
9.89874
9.57669
9.46879
9.69256
9.22245
10.1211
9.70998
9.992
9.19107
9.76848
9.52275
9.53312
9.83832
9.59644
9.54333
9.3544
10.0847
9.50595
10.1343
9.80129
9.47737
9.85046
9.4947
9.5896
9.50537
9.67392
10.147
8.96608
9.28132
9.84932
9.85395
9.87072
9.42667
9.92882
9.26928
9.95798
9.01767
10.8387
9.59898
9.33379
9.06898
9.85525
9.97479
9.46412
9.54998
10.1952
9.10702
9.33224
9.57655
9.51529
9.24592
10.8968
9.43303
9.64725
9.42328
9.82805
9.50487
10.1795
9.33875
9.2471
9.74338
9.96779
9.23109
9.34035
10.397
9.4099
9.49977
9.15942
10.065
10.3086
9.37412
9.15828
9.99653
9.46579
9.86965
9.62122
10.0544
9.18399
9.92807
9.72803
9.26408
9.50365
9.74857
9.86121
9.58608
9.92091
9.41745
9.06875
9.6708
9.93753
9.88707
9.71497
9.17281
9.8884
9.68073
10.558
8.92111
9.41843
9.79994
9.54753
9.24606
9.93475
9.64026
9.47702
9.59699
9.48623
10.0383
9.79296
9.48554
9.24062
9.98984
9.98341
10.1243
8.6256
10.6799
9.27685
9.30991
9.66752
9.55423
10.1642
9.88048
9.31902
9.59824
9.7445
9.08028
9.56761
9.64347
10.2007
9.35007
9.49618
9.97066
9.75754
9.54765
9.04185
9.72987
10.0038
10.0343
9.28309
9.4441
9.56897
9.36172
10.1552
9.4825
10.1097
9.39974
9.55876
9.77597
9.73871
9.89267
9.63997
9.78646
9.38152
9.78271
9.97021
9.43612
9.63698
9.93829
9.16567
10.271
9.43634
9.78973
9.56032
9.49322
9.45997
9.74038
10.1358
9.83354
9.37334
9.14679
9.89368
9.90776
9.39788
9.94817
9.65073
9.63141
9.46454
10.1947
9.16252
9.62794
9.60836
9.30069
9.84615
10.1199
9.43864
9.39666
9.09321
9.80635
9.8327
9.7444
9.53766
9.16141
9.79687
9.9323
9.47435
9.66627
9.27515
9.7334
9.32149
9.8521
9.82355
9.56045
9.67492
9.02872
9.5962
10.1849
9.97433
9.14287
9.87717
9.03125
9.87326
9.37027
9.44612
9.82557
10.2647
9.36919
9.06308
9.38113
10.0039
9.99289
9.59697
9.46694
9.88927
10.039
8.78447
9.35594
10.6627
9.62192
9.0792
10.0627
10.2056
8.84099
9.25813
9.95684
10.305
9.89984
8.88153
9.87066
9.50176
9.49843
9.62693
10.2884
8.77508
9.83685
9.20147
10.2744
9.63442
9.56434
10.1328
9.13595
9.57186
9.82766
10.035
9.50125
9.5953
9.66172
9.86574
9.08246
10.0842
9.81707
9.046
9.94204
9.7564
9.93684
8.92163
9.63946
9.71076
9.68225
9.9684
9.29584
9.09525
10.0621
9.93617
9.06885
9.87123
9.76276
9.75244
9.19612
10.1991
9.25273
9.62713
9.37523
10.2745
9.60103
9.38743
10.0243
9.84467
9.40901
9.63046
9.54471
9.74962
9.982
9.40245
9.285
10.1542
9.01525
9.76883
9.70992
10.1404
9.79322
9.72876
9.10639
9.45481
9.73914
9.69054
10.2553
9.4845
9.41728
9.2716
9.66834
10.5415
9.88035
8.87552
9.52887
9.89664
9.74916
10.01
9.30308
9.28539
9.92258
9.84416
9.65411
9.5524
10.1471
9.88011
9.85305
8.91898
8.9598
10.3107
9.75405
9.73603
10.3212
9.41018
8.83423
10.2714
9.77111
9.87756
9.22528
9.44453
9.42796
9.8229
9.8201
9.2445
10.0891
9.57829
9.97836
9.54519
9.49696
9.43448
10.1197
9.89441
9.34321
9.728
9.35862
9.77767
9.7263
10.011
9.79163
9.50585
9.57759
9.68356
9.99163
10.1633
9.2405
9.64911
9.69219
10.2385
9.50736
9.49433
10.1973
9.5469
9.1564
10.0332
9.77614
9.4629
9.28844
9.66386
10.1821
9.62561
9.83075
9.01744
10.2236
9.3388
9.43273
10.003
9.95979
9.8886
9.52221
9.8295
9.9387
8.96828
9.34828
9.59946
9.91149
9.30481
10.2563
8.94968
10.0383
9.59508
9.86723
8.78042
10.1304
9.51626
10.196
9.28285
9.68858
10.1083
9.97668
8.61379
10.0431
9.77034
9.60524
9.35551
10.3131
9.19057
9.89584
9.30915
9.94632
10.0643
9.59725
8.9015
9.81383
9.99479
9.66314
10.1368
9.80505
9.21808
9.86637
9.50933
9.23266
9.67474
10.1605
9.08426
9.44949
9.53346
10.0346
9.66912
10.1597
9.15334
9.54683
9.39417
9.69566
9.87559
9.81931
9.19738
9.65854
10.2214
9.58486
9.00112
10.2511
9.56343
9.70965
9.38187
10.0718
9.12898
10.0094
9.57704
9.28668
10.1558
9.6237
9.41173
9.72965
9.59033
10.1868
9.16061
9.24752
10.1041
9.38134
9.77016
9.57266
10.1781
9.61945
9.63696
9.63945
9.70596
9.99767
9.74668
9.12279
9.36254
9.70445
9.44029
10.0624
10.3399
9.25359
9.51307
9.83022
8.72723
9.87037
9.45664
9.98041
10.2059
9.1591
9.12123
9.76732
9.8495
10.142
9.92038
8.91794
9.72116
9.63974
9.83675
9.52517
9.81699
9.09187
10.629
8.94994
9.86731
9.64411
9.47104
9.60584
9.61255
9.63184
10.3118
9.58683
9.43449
9.21354
10.1955
9.59432
9.61364
9.48597
9.61708
9.75323
9.61729
9.62244
9.84197
9.28658
9.83079
10.1608
9.79803
9.5132
9.0681
9.74696
9.6717
9.45094
9.80336
10.1237
9.99139
9.01867
9.39568
9.74528
10.1239
9.48587
10.2541
9.36624
10.221
8.40348
10.3067
10.1512
9.20304
9.75854
9.7952
9.61516
9.15828
10.0141
9.73601
10.3278
9.13819
9.47974
9.73283
9.66955
9.20453
9.62617
10.193
9.73816
9.68173
8.94653
10.5735
9.47927
10.0511
9.11884
9.04826
9.82214
9.80473
9.37643
10.0043
10.2521
9.32952
8.8904
9.48324
9.99337
9.89519
9.35611
9.86459
9.99937
9.15664
9.51378
9.65531
9.68021
10.1017
9.62701
9.34093
10.1046
9.34689
10.2883
8.36274
10.3474
9.23259
10.0542
9.86189
9.37125
9.30738
9.77339
10.5211
9.01124
9.70675
9.46728
9.98075
9.44549
9.82806
9.64703
8.92609
10.0234
9.43948
9.37756
9.8148
10.0716
9.51554
9.62878
9.81454
9.41406
9.88964
9.29664
9.37731
9.85644
10.0495
9.57059
9.72801
9.0905
10.1652
9.47225
9.63143
9.92705
9.54201
9.84405
9.72659
9.73675
9.0663
10.3003
9.73537
9.58311
9.7776
9.19913
9.76972
9.37957
10.0284
9.16902
10.211
9.36693
9.83767
9.53856
9.72436
9.50615
10.143
9.20275
9.78267
9.41554
9.85508
9.22967
10.0522
9.75599
9.33826
9.88334
9.58258
9.90987
9.4965
9.99616
9.26745
9.84692
9.26322
9.4837
10.1957
9.60937
9.38182
9.74386
10.0621
9.50981
9.13621
9.9303
9.65366
9.77429
9.65511
9.88229
9.16514
9.10822
10.0571
9.65084
10.2523
9.09741
9.21102
10.0741
9.39516
9.89777
9.55927
9.67768
9.30012
9.96971
9.3392
10.1327
9.85737
9.30267
9.43378
9.88438
9.34804
10.2135
9.09026
9.82957
9.61671
10.0305
9.15219
9.84884
9.44605
9.96758
9.54128
9.44617
9.50332
10.0163
9.73892
9.38505
10.0908
9.01948
9.25626
9.52191
10.6709
9.69882
9.9854
9.21852
9.36788
10.337
9.28387
10.2239
9.53132
9.44672
9.66991
9.79985
9.49935
9.69689
9.89508
9.14347
9.44554
9.96357
9.3851
9.71433
9.92271
9.87403
9.36323
9.56515
9.70342
9.08945
10.0805
9.74833
9.59937
9.65678
9.74056
9.95135
9.50601
8.96626
10.1817
10.0868
9.23375
9.28327
9.98671
9.8156
9.30908
9.71922
9.86623
9.58114
9.44498
9.74994
9.4229
10.2629
9.51125
9.48514
9.47024
9.64865
9.77956
9.7285
9.98194
9.26447
9.91219
9.4074
9.03732
10.3916
9.44518
9.65096
9.64673
10.1839
9.87241
9.55625
9.1966
9.3942
10.2699
9.69325
9.44754
9.63456
9.64558
9.79915
9.65932
9.8515
9.69898
9.33296
9.68453
9.80961
9.81339
9.57552
