0 0 0
0.0230664 0 0
0.0461329 0 0
0.0691993 0 0
0.0922657 0 0
0.115332 0 0
0.138399 0 0
0.161465 0 0
0.184531 0 0
0.207598 0 0
0.230664 0 0
0.253731 0 0
0.276797 0 0
0.299864 0 0
0.32293 0 0
0.345996 0 0
0.369063 0 0
0.392129 0 0
0.415196 0 0
0.438262 0 0
0.461329 0 0
0.484395 0 0
0.507461 0 0
0.530528 0 0
0.553594 0 0
0.576661 0 0
0.599727 0 0
0.622794 0 0
0.64586 0 0
0.668926 0 0
0.691993 0 0
0.715059 0 0
0.738126 0 0
0.761192 0 0
0.784259 0 0
0.807325 0 0
0.830391 0 0
0.853458 0 0
0.876524 2.29367e-05 1.79387e-05
0.899591 0.00392126 0.000277604
0.922657 0.0534078 0.00116939
0.945724 0.321535 0.0024629
0.96879 1.09134 0.00433947
0.991856 2.35787 0.00760344
1.01492 3.74725 0.00865399
1.03799 4.71657 0.0102808
1.06106 4.9326 0.00840921
1.08412 4.5234 0.0104243
1.10719 3.69799 0.00982672
1.13026 2.75 0.00758737
1.15332 1.87232 0.00613346
1.17639 1.17919 0.00473272
1.19945 0.696542 0.00423279
1.22252 0.37894 0.00269943
1.24559 0.191597 0.00213274
1.26865 0.0960648 0.00185889
1.29172 0.0538918 0.0014523
1.31479 0.0460188 0.0011834
1.33785 0.065336 0.00155985
1.36092 0.116457 0.00201334
1.38399 0.19475 0.00222918
1.40705 0.312833 0.00244552
1.43012 0.463572 0.00275015
1.45319 0.638458 0.00294168
1.47625 0.796336 0.00360585
1.49932 0.911086 0.00418192
1.52238 0.964175 0.00404156
1.54545 0.926273 0.00414545
1.56852 0.812203 0.00351415
1.59158 0.649776 0.00236558
1.61465 0.477848 0.00229037
1.63772 0.33061 0.00193807
1.66078 0.231394 0.00223273
1.68385 0.203456 0.00251982
1.70692 0.269858 0.00303932
1.72998 0.45903 0.00327831
1.75305 0.779206 0.00362112
1.77612 1.22653 0.00338012
1.79918 1.74432 0.0039752
1.82225 2.2361 0.00435494
1.84531 2.58199 0.00559893
1.86838 2.69486 0.00688235
1.89145 2.54528 0.00630521
1.91451 2.17973 0.00484236
1.93758 1.7014 0.00409554
1.96065 1.22545 0.00307174
1.98371 0.829877 0.00318881
2.00678 0.567715 0.00353392
2.02985 0.456896 0.00375191
2.05291 0.482227 0.00304743
2.07598 0.60087 0.00220697
2.09905 0.767118 0.00214372
2.12211 0.913186 0.00278158
2.14518 0.997266 0.00290824
2.16824 0.994457 0.0029965
2.19131 0.914268 0.00294654
2.21438 0.797469 0.00213826
2.23744 0.670365 0.0027102
2.26051 0.593567 0.00318193
2.28358 0.596974 0.00368934
