-5.448935
-5.4453746
-5.444077
-5.4395493
-5.4392121
-5.4473165
-5.4473096
-5.442466
-5.4466684
-5.4392324
-5.4463445
-5.4418147
-5.4424565
-5.4450468
-5.4434296
-5.4476311
-5.4437492
-5.442455
-5.4427796
-5.4414828
-5.4440659
-5.4440649
-5.4447059
-5.4450291
-5.4489242
-5.443088
-5.4456825
-5.4408154
-5.4427668
-5.4492425
-5.437585
-5.4463264
-5.4489185
-5.4424408
-5.4447117
-5.4456835
-5.4463308
-5.4443825
-5.4414709
-5.4443903
-5.4427647
-5.4437331
-5.4434113
-5.4447081
-5.4489161
-5.441472
-5.4408244
-5.444066
-5.4472989
-5.4430931
-5.442771
-5.4434119
-5.4398563
-5.4411485
-5.4469707
-5.4456854
-5.4450224
-5.4427622
-5.4450284
-5.4469676
-5.4408096
-5.4466413
-5.4466465
-5.4489114
-5.4417895
-5.4460077
-5.4414673
-5.4421092
-5.444055
-5.4450243
-5.4443799
-5.4450263
-5.4472934
-5.4472964
-5.4459907
-5.4450172
-5.4456613
-5.4420967
-5.4443697
-5.448257
-5.4459876
-5.4430723
-5.4459864
-5.4476051
-5.4437193
-5.4433983
-5.4430702
-5.4440444
-5.4437203
-5.448252
-5.4420989
-5.4433903
-5.4450066
-5.4427393
-5.4443551
-5.4492157
-5.4466286
-5.4463047
-5.4382066
-5.449871
-5.4453352
-5.4479322
-5.4527946
-5.4437242
-5.4472818
-5.4476131
-5.4437267
-5.4424301
-5.4495537
-5.4485869
-5.4489082
-5.4479439
-5.4443758
-5.4463184
-5.4456716
-5.450532
-5.4463151
-5.4469707
-5.4437278
-5.4453479
-5.4463171
-5.4466399
-5.4485847
-5.4430745
-5.4421061
-5.4463212
-5.4430807
-5.4375763
-5.4447016
-5.4440503
-5.4427528
-5.4472814
-5.4476102
-5.4469612
-5.4434027
-5.4462952
-5.4414507
-5.4430637
-5.4472769
-5.4449998
-5.4472688
-5.4459803
-5.4411189
-5.4411082
-5.4433823
-5.4443411
-5.4453201
-5.4440217
-5.4430538
-5.4453185
-5.4407786
-5.4440222
-5.4424093
-5.4459737
-5.4459624
-5.449849
-5.4397988
-5.4446589
-5.4433635
-5.4433619
-5.4430434
-5.4462794
-5.4469179
-5.4440029
-5.4459406
-5.4423836
-5.4475649
-5.4482099
-5.4436775
-5.4482176
-5.451125
-5.4430394
-5.4508027
-5.4433512
-5.4410835
-5.4446435
-5.4459336
-5.4488497
-5.4456166
-5.4446471
-5.4465905
-5.4385035
-5.4401141
-5.4465986
-5.4452976
-5.4446561
-5.4440036
-5.4404443
-5.4407611
-5.4378478
-5.444327
-5.4456294
-5.443372
-5.4433665
-5.443689
-5.4456235
-5.4485486
-5.4410887
-5.4488621
-5.446596
-5.4443254
-5.4430365
-5.4433528
-5.4465947
-5.4384992
-5.4427107
-5.4462703
-5.4440032
-5.4417403
-5.4436842
-5.4414153
-5.4439994
-5.4485377
-5.4426982
-5.4446491
-5.444965
-5.4443176
-5.445287
-5.4465787
-5.4439975
-5.4459364
-5.4443197
-5.4462623
-5.4436706
-5.4495012
-5.4494956
-5.4426965
-5.4456042
-5.4449614
-5.4439949
-5.4449599
-5.4430246
-5.4426865
-5.4417352
-5.4423735
-5.4459458
-5.4462695
-5.4472385
-5.4427019
-5.4443159
-5.4452854
-5.4439889
-5.4430132
-5.4436633
-5.4472173
-5.4465642
-5.4433309
-5.4397763
-5.4397664
-5.4430186
-5.4417137
-5.4452753
-5.4459196
-5.4449575
-5.4439881
-5.4436737
-5.4446469
-5.4394631
-5.4436728
-5.4423849
-5.4475647
-5.4439938
-5.4452972
-5.4472313
-5.4456211
-5.4443193
-5.4417235
-5.4465843
-5.4449707
-5.4439931
-5.4456178
-5.441729
-5.4420532
-5.447555
-5.4465906
-5.4456142
-5.4440051
-5.4449701
-5.4446397
-5.4397857
-5.4443226
-5.4459467
-5.4436813
-5.4449709
-5.4423898
-5.4459428
-5.4404336
-5.4401106
-5.444964
-5.447227
-5.4456006
-5.4426923
-5.4430071
-5.445604
-5.4439886
-5.4433385
-5.4439864
-5.4446324
-5.4446243
-5.4439807
-5.4417117
-5.4443038
-5.4465685
-5.4442974
-5.4449527
-5.4404241
-5.4456068
-5.4443099
-5.4439897
-5.4436645
-5.4472444
-5.4433392
-5.4469192
-5.446591
-5.4436709
-5.4427065
-5.443023
-5.445613
-5.4443249
-5.4485365
-5.4443245
-5.4478864
-5.4420529
-5.4456189
-5.4430218
-5.4446403
-5.4430295
-5.4456149
-5.4436716
-5.4456131
-5.4494967
-5.4413995
-5.4371961
-5.4446311
-5.4465827
-5.4469077
-5.4420528
-5.4462581
-5.4456085
-5.4462621
-5.4394499
-5.4414055
-5.4443138
-5.4491726
-5.4420507
-5.442369
-5.4456171
-5.4456155
-5.4485321
-5.4423806
-5.4462662
-5.4452942
-5.4423828
-5.4436678
-5.4462734
-5.4391336
-5.4430273
-5.444312
-5.4462572
-5.4491782
-5.4459415
-5.4423781
-5.4410833
-5.4388196
-5.4452957
-5.4469165
-5.4443185
-5.4462637
-5.4482108
-5.4410854
-5.4478835
-5.4459379
-5.4456193
-5.4452859
-5.4504744
-5.4436721
-5.4414042
-5.4439945
-5.4459343
-5.4452822
-5.4465847
-5.4472309
-5.4459412
-5.4410811
-5.4433467
-5.4420492
-5.4462551
-5.4465859
-5.4436667
-5.4397806
-5.4465884
-5.4465838
-5.4420543
-5.4439915
-5.4462581
-5.4420445
-5.4443125
-5.4465741
-5.444307
-5.4465813
-5.4459268
-5.4436664
-5.4472218
-5.4433511
-5.4439933
-5.4482051
-5.43881
-5.4404292
-5.4436642
-5.443983
-5.4430136
-5.4472249
-5.4501348
-5.4455988
-5.4420346
-5.4404155
-5.4452698
-5.4446157
-5.4420281
-5.443001
-5.4507771
-5.44753
-5.4403996
-5.4387902
-5.4452671
-5.4404015
-5.4436369
-5.444616
-5.4455829
-5.4442861
-5.4436337
-5.4423418
-5.4439691
-5.446232
-5.4436481
-5.4452744
-5.4452792
-5.4439669
-5.4443062
-5.4491556
-5.4462434
-5.4397627
-5.4397681
-5.445273
-5.4446224
-5.4507793
-5.4485116
-5.4417176
-5.4456012
-5.4436593
-5.4452745
-5.4465675
-5.4426812
-5.4469004
-5.4442917
-5.443653
-5.4478662
-5.4465611
-5.4426816
-5.4433233
-5.4485104
-5.446241
-5.445912
-5.4491558
-5.4449402
-5.4416984
-5.4488236
-5.4400761
-5.43944
-5.4439755
-5.4478548
-5.4436548
-5.4410569
-5.4475382
-5.4423495
-5.4426843
-5.4449469
-5.443006
-5.4397638
-5.4397742
-5.4426936
-5.4384817
-5.4449527
-5.4517545
-5.4446276
-5.4456017
-5.4439773
-5.4459193
-5.4481912
-5.4459221
-5.4430015
-5.4443032
-5.4472096
-5.4442983
-5.4429962
-5.4436512
-5.4433221
-5.4413804
-5.4420325
-5.440727
-5.4439659
-5.4475187
-5.4426731
-5.4439699
-5.446225
-5.4478502
-5.4439599
-5.4436394
-5.4423448
-5.444606
-5.4410463
-5.4413633
-5.4429815
-5.441695
-5.4468711
-5.4423303
-5.4426528
-5.4465391
-5.44233
-5.4403782
-5.4475059
-5.4478329
-5.443629
-5.4494492
-5.4468552
-5.4410376
-5.4420049
-5.4465354
-5.4439435
-5.4494615
-5.4452491
-5.4458998
-5.4484868
-5.4429911
-5.4462224
-5.4452408
-5.4442646
-5.4478238
-5.4426506
-5.4455605
-5.440707
-5.4419984
-5.4416836
-5.4433054
-5.4439553
-5.4442711
-5.4407098
-5.4465426
-5.4475086
-5.4475071
-5.4416731
-5.4452362
-5.4471756
-5.4452376
-5.4478197
-5.4449051
-5.4413524
-5.4429661
-5.4416635
-5.4410254
-5.4426445
-5.4429725
-5.4416656
-5.4436146
-5.4436091
-5.4419886
-5.4436092
-5.4475005
-5.4423171
-5.4429646
-5.4445801
-5.4449027
-5.4432865
-5.4442583
-5.4468534
-5.4429592
-5.4426412
-5.4419869
-5.4426409
-5.4413425
-5.4390775
-5.4439343
-5.442965
-5.4439462
-5.4413584
-5.4413552
-5.4426627
-5.4436379
-5.4423421
-5.4468701
-5.4459065
-5.4384526
-5.4397508
-5.4429791
-5.4378121
-5.4378014
-5.4420193
-5.4436344
-5.4404074
-5.442013
-5.4481741
-5.4439607
-5.4394277
-5.445575
-5.4462429
-5.4442859
-5.4407296
-5.4472052
-5.4426732
-5.4410485
-5.4488274
-5.4497943
-5.4485016
-5.4420227
-5.4407268
-5.4436333
-5.442988
-5.4472002
-5.4420174
-5.4452557
-5.4426642
-5.4429897
-5.4455876
-5.4452579
-5.4420206
-5.4472032
-5.4433112
-5.4420107
-5.4397563
-5.4459017
-5.4433165
-5.4391076
-5.440079
-5.4400742
-5.4488272
-5.4478557
-5.4433199
-5.4423455
-5.443962
-5.4449322
-5.4468736
-5.4433098
-5.4397517
-5.4407188
-5.441371
-5.4429795
-5.4465511
-5.4400749
-5.4439638
-5.4420153
-5.4410511
-5.4455709
-5.4436307
-5.4420191
-5.4439546
-5.4442798
-5.4475243
-5.4465497
-5.4436336
-5.4452475
-5.4458958
-5.4458931
-5.446533
-5.440387
-5.4442686
-5.4400608
-5.4423152
-5.446533
-5.4410329
-5.4436281
-5.4416823
-5.446222
-5.4433087
-5.444928
-5.4442707
-5.445889
-5.442005
-5.4403819
-5.4423284
-5.4416903
-5.4433008
-5.4478344
-5.4429941
-5.4452515
-5.4400737
-5.4416895
-5.4413581
-5.4458947
-5.4491416
-5.4390984
-5.4397495
-5.4449284
-5.4429825
-5.4413621
-5.4436212
-5.4484842
-5.448158
-5.4426626
-5.4423337
-5.4446072
-5.439086
-5.447196
-5.4436233
-5.4394162
-5.4445949
-5.4429763
-5.4420097
-5.4445962
-5.4413583
-5.4426554
-5.4449211
-5.4465481
-5.4458921
-5.4429898
-5.4433121
-5.4465481
-5.4423443
-5.4459035
-5.4410366
-5.4481597
-5.4436295
-5.446541
-5.4420027
-5.4455656
-5.4442764
-5.4442775
-5.4436284
-5.4390939
-5.4442773
-5.4442759
-5.4420083
-5.4410365
-5.4423328
-5.4491377
-5.4465429
-5.4426622
-5.446864
-5.4426652
-5.4413669
-5.4410507
-5.4433018
-5.4485031
-5.4449304
-5.4481661
-5.4420151
-5.4442673
-5.4471883
-5.4449205
-5.4429872
-5.4459019
-5.4449338
-5.4413674
-5.4429976
-5.4497883
-5.4455817
-5.4436411
-5.4426712
-5.4426652
-5.4413628
-5.4429906
-5.4446054
-5.4462363
-5.4436387
-5.4468874
-5.43943
-5.4439673
-5.4475276
-5.4452619
-5.442665
-5.4420178
-5.4426592
-5.4400716
-5.4455805
-5.4472058
-5.4475217
-5.4404004
-5.4429874
-5.444927
-5.4458916
-5.4423304
-5.4465418
-5.4439487
-5.4420052
-5.4465361
-5.4488039
-5.4439516
-5.4494511
-5.4413509
-5.4436264
-5.4468548
-5.4494672
-5.4455682
-5.4413716
-5.4439549
-5.4449286
-5.4497865
-5.4449297
-5.4410449
-5.4429807
-5.4478486
-5.4446023
-5.4465473
-5.4449227
-5.4410447
-5.4465466
-5.4426611
-5.4481718
-5.4436269
-5.4413596
-5.4484854
-5.4423338
-5.4403878
-5.4462101
-5.4445953
-5.4468663
-5.4471911
-5.4452423
-5.4458986
-5.4439568
-5.4397417
-5.4429738
-5.4423231
-5.4487971
-5.447188
-5.4423206
-5.4436231
-5.4423233
-5.4455574
-5.4455595
-5.4406997
-5.4426425
-5.4445814
-5.4507366
-5.4390752
-5.443613
-5.443284
-5.4416654
-5.4426424
-5.4416631
-5.4474904
-5.4448961
-5.4448968
-5.4429468
-5.442311
-5.4458682
-5.4471695
-5.4445832
-5.4432914
-5.4458719
-5.4432915
-5.443611
-5.4478222
-5.4465196
-5.4458812
-5.4471597
-5.4436025
-5.4429574
-5.4494298
-5.4416634
-5.4410131
-5.4432817
-5.4429582
-5.4458796
-5.445872
-5.4413374
-5.4452234
-5.4426309
-5.441666
-5.441344
-5.4426381
-5.4419894
-5.4468454
-5.4439379
-5.4439358
-5.4452358
-5.4445891
-5.4449166
-5.4481474
-5.448144
-5.4494437
-5.4455485
-5.4436079
-5.4371292
-5.4442545
-5.4445773
-5.4471642
-5.4452239
-5.4442529
-5.4439341
-5.444251
-5.4419837
-5.4448944
-5.4455507
-5.442632
-5.4423073
-5.4439229
-5.4449025
-5.4471667
-5.4436057
-5.444249
-5.4494412
-5.446512
-5.4465152
-5.444896
-5.4504082
-5.4439305
-5.4400496
-5.4423127
-5.4468483
-5.4461954
-5.44102
-5.4407009
-5.4436089
-5.4445773
-5.4445755
-5.4445849
-5.4461995
-5.443939
-5.4429664
-5.4403868
-5.4455592
-5.4471811
-5.4445895
-5.4439378
-5.4429763
-5.4465326
-5.4471828
-5.4436199
-5.4445961
-5.444276
-5.4501077
-5.4458971
-5.4465438
-5.4488127
-5.4429806
-5.4416832
-5.4449276
-5.4426499
-5.4462137
-5.4423352
-5.4468658
-5.4494489
-5.4468635
-5.4436302
-5.4449141
-5.4407106
-5.4426505
-5.4475057
-5.4436245
-5.4452397
-5.4436216
-5.4507403
-5.4442678
-5.4436267
-5.4465377
-5.4478306
-5.4400648
-5.4407082
-5.4429804
-5.4436279
-5.4426569
-5.4455705
-5.4442735
-5.442324
-5.4426521
-5.4449173
-5.4455648
-5.4462097
-5.4439479
-5.4429722
-5.4426495
-5.4429666
-5.4442586
-5.4452301
-5.4439334
-5.4419942
-5.4413464
-5.4419829
-5.4410154
-5.4410133
-5.4410146
-5.4413345
-5.4423051
-5.4478037
-5.4390706
-5.4455485
-5.4461927
-5.4406874
-5.4419745
-5.443268
-5.4406825
-5.4390588
-5.4465073
-5.4461829
-5.445535
-5.4465113
-5.446192
-5.4403702
-5.4426328
-5.4419816
