-6.61821
-6.71339
-6.67623
-6.70195
-6.44433
-6.71953
-6.64714
-6.78486
-6.55731
-6.73164
-6.56604
-6.70343
-6.66412
-6.59275
-6.67998
-6.696
-6.64927
-6.61694
-6.73766
-6.6502
-6.59141
-6.6384
-6.63593
-6.72248
-6.7704
-6.50217
-6.76747
-6.61433
-6.68186
-6.68781
-6.65646
-6.64502
-6.69149
-6.52855
-6.65659
-6.77345
-6.64331
-6.61834
-6.6071
-6.71554
-6.60896
-6.61949
-6.57813
-6.64847
-6.69093
-6.71879
-6.53243
-6.66446
-6.60918
-6.6411
-6.72598
-6.62357
-6.64001
-6.63146
-6.6191
-6.84227
-6.55846
-6.65561
-6.74731
-6.67992
-6.56004
-6.58385
-6.6132
-6.69566
-6.61389
-6.69736
-6.71138
-6.60294
-6.60808
-6.61118
-6.70802
-6.61148
-6.68079
-6.8107
-6.55548
-6.63268
-6.67612
-6.63523
-6.59396
-6.65142
-6.6743
-6.64073
-6.67021
-6.70202
-6.63381
-6.63323
-6.53056
-6.63854
-6.74994
-6.71897
-6.63457
-6.65341
-6.56383
-6.6403
-6.68511
-6.66123
-6.76384
-6.70146
-6.4962
-6.68577
-6.62775
-6.6902
-6.74376
-6.64703
-6.6282
-6.63074
-6.64847
-6.57999
-6.74314
-6.71632
-6.55673
-6.66419
-6.66795
-6.67689
-6.57815
-6.69593
-6.61651
-6.70987
-6.60809
-6.61895
-6.65247
-6.72027
-6.65417
-6.59636
-6.70101
-6.69955
-6.6231
-6.58728
-6.69198
-6.73896
-6.58876
-6.56488
-6.77177
-6.64579
-6.69461
-6.46687
-6.80424
-6.70616
-6.65869
-6.5014
-6.70827
-6.73719
-6.67733
-6.50783
-6.73398
-6.55634
-6.70671
-6.70965
-6.72187
-6.6281
-6.54713
-6.62624
-6.70517
-6.73572
-6.61524
-6.74437
-6.57978
-6.6818
-6.6348
-6.6161
-6.70104
-6.71783
-6.64866
-6.68779
-6.61733
-6.59181
-6.69142
-6.68217
-6.56014
-6.69452
-6.62943
-6.72485
-6.60578
-6.69577
-6.62524
-6.58361
-6.62962
-6.7242
-6.6548
-6.66865
-6.69203
-6.68014
-6.49696
-6.72883
-6.66145
-6.7044
-6.55396
-6.70694
-6.63443
-6.62209
-6.59865
-6.59594
-6.71763
-6.67722
-6.74158
-6.55048
-6.7013
-6.61462
-6.67003
-6.68962
-6.64838
-6.72928
-6.57316
-6.64768
-6.58971
-6.73048
-6.63501
-6.67594
-6.67457
-6.62426
-6.66226
-6.67508
-6.70698
-6.57893
-6.68543
-6.5732
-6.62519
-6.68611
-6.62347
-6.6805
-6.67693
-6.68405
-6.64439
-6.56716
-6.77944
-6.72621
-6.61409
-6.60852
-6.6131
-6.70543
-6.606
-6.73217
-6.60895
-6.76174
-6.44526
-6.66254
-6.71177
-6.76761
-6.61997
-6.59905
-6.69105
-6.66969
-6.55797
-6.74526
-6.71836
-6.67296
-6.6742
-6.72184
-6.42817
-6.69175
-6.65356
-6.69461
-6.62706
-6.68765
-6.55906
-6.7078
-6.72384
-6.63961
-6.59384
-6.72823
-6.71237
-6.51956
-6.7015
-6.67812
-6.74091
-6.57863
-6.53975
-6.70284
-6.74655
-6.5859
-6.68454
-6.61448
-6.66103
-6.58278
-6.73617
-6.59723
-6.63701
-6.71212
-6.67466
-6.63386
-6.61644
-6.66214
-6.59616
-6.68582
-6.75873
-6.6522
-6.5973
-6.6135
-6.64033
-6.73502
-6.61742
-6.64472
-6.48401
-6.77662
-6.69749
-6.62105
-6.66434
-6.72141
-6.59535
-6.65162
-6.66792
-6.6629
-6.68299
-6.57656
-6.63052
-6.68051
-6.72518
-6.58804
-6.59066
-6.56235
-6.83749
-6.46151
-6.71947
-6.7129
-6.64555
-6.66402
-6.55299
-6.6075
-6.70739
-6.66527
-6.63128
-6.75388
-6.65801
-6.64152
-6.55066
-6.70295
-6.67768
-6.59827
-6.63763
-6.66799
-6.7644
-6.63884
-6.59216
-6.58501
-6.72573
-6.69118
-6.67443
-6.7044
-6.55179
-6.68023
-6.56524
-6.69372
-6.6698
-6.63079
-6.64244
-6.61169
-6.65744
-6.63858
-6.705
-6.63364
-6.60075
-6.68859
-6.65101
-6.60001
-6.74636
-6.53419
-6.68955
-6.63515
-6.67741
-6.68135
-6.68242
-6.63315
-6.55914
-6.61022
-6.69845
-6.73734
-6.60598
-6.60819
-6.69723
-6.59094
-6.65009
-6.65763
-6.68844
-6.55181
-6.74246
-6.65867
-6.65352
-6.70963
-6.61798
-6.56237
-6.68012
-6.68849
-6.7493
-6.61854
-6.60398
-6.62965
-6.66675
-6.73823
-6.62092
-6.58827
-6.6804
-6.64753
-6.71323
-6.63567
-6.70921
-6.60599
-6.61532
-6.66158
-6.64962
-6.76794
-6.65844
-6.54583
-6.58113
-6.74542
-6.61303
-6.75777
-6.5982
-6.70246
-6.68599
-6.61392
-6.54631
-6.6954
-6.75919
-6.70526
-6.57998
-6.58566
-6.66191
-6.68399
-6.61415
-6.58486
-6.80963
-6.70135
-6.46173
-6.65824
-6.76217
-6.56811
-6.5527
-6.79962
-6.72352
-6.6014
-6.54534
-6.61494
-6.79469
-6.61859
-6.68011
-6.68096
-6.6637
-6.548
-6.81875
-6.63202
-6.72829
-6.54078
-6.65707
-6.67475
-6.56404
-6.74662
-6.66437
-6.61818
-6.58828
-6.68409
-6.66133
-6.64559
-6.60959
-6.76184
-6.57553
-6.63216
-6.76499
-6.6006
-6.62742
-6.6016
-6.7883
-6.66196
-6.64214
-6.65002
-6.60337
-6.71335
-6.75583
-6.56423
-6.59853
-6.75165
-6.61069
-6.64399
-6.64116
-6.73237
-6.5498
-6.7276
-6.65782
-6.70195
-6.54045
-6.65765
-6.69337
-6.58295
-6.62381
-6.70779
-6.65678
-6.682
-6.63537
-6.59985
-6.70638
-6.72288
-6.56897
-6.77038
-6.63259
-6.64216
-6.56633
-6.63147
-6.63455
-6.7411
-6.68836
-6.62578
-6.64004
-6.54804
-6.68135
-6.69575
-6.7122
-6.65419
-6.5
-6.6162
-6.79555
-6.68088
-6.61893
-6.63336
-6.58574
-6.71547
-6.72318
-6.60337
-6.61566
-6.66149
-6.67298
-6.55885
-6.60889
-6.61524
-6.78626
-6.78144
-6.53349
-6.62932
-6.64319
-6.54376
-6.70401
-6.81383
-6.54181
-6.63528
-6.61799
-6.7297
-6.68253
-6.69141
-6.62667
-6.62142
-6.72462
-6.57739
-6.66241
-6.58703
-6.66662
-6.68531
-6.69199
-6.56609
-6.61695
-6.71367
-6.64418
-6.70469
-6.62291
-6.64383
-6.58966
-6.63381
-6.68671
-6.6727
-6.65712
-6.59498
-6.56572
-6.7313
-6.65862
-6.64222
-6.53436
-6.68482
-6.68787
-6.55818
-6.66697
-6.73908
-6.59082
-6.62454
-6.68447
-6.72743
-6.65537
-6.55449
-6.66279
-6.61398
-6.76326
-6.55782
-6.71252
-6.68791
-6.58819
-6.59771
-6.60946
-6.6762
-6.61946
-6.5956
-6.78154
-6.70263
-6.65698
-6.60507
-6.71602
-6.5551
-6.78744
-6.57992
-6.65116
-6.61502
-6.8154
-6.57027
-6.67338
-6.55011
-6.72379
-6.64488
-6.56578
-6.5994
-6.84474
-6.57844
-6.63088
-6.66506
-6.70249
-6.53029
-6.73979
-6.62771
-6.72249
-6.60351
-6.57736
-6.66502
-6.79588
-6.62335
-6.5881
-6.65713
-6.5622
-6.62011
-6.73859
-6.61503
-6.67624
-6.73072
-6.64255
-6.55871
-6.74723
-6.68885
-6.67104
-6.58233
-6.65091
-6.56003
-6.74321
-6.66989
-6.69856
-6.64032
-6.6123
-6.63663
-6.74267
-6.65347
-6.55693
-6.66628
-6.76688
-6.54263
-6.66348
-6.6449
-6.70108
-6.57266
-6.73508
-6.58089
-6.6608
-6.7121
-6.56772
-6.66127
-6.70548
-6.64544
-6.66097
-6.55343
-6.74059
-6.71626
-6.56732
-6.6963
-6.62675
-6.65785
-6.55402
-6.65527
-6.65801
-6.65866
-6.62742
-6.57939
-6.63714
-6.75226
-6.70146
-6.64046
-6.69166
-6.57372
-6.52555
-6.73019
-6.67844
-6.62767
-6.81625
-6.60737
-6.6773
-6.59759
-6.5534
-6.74666
-6.75024
-6.63181
-6.61911
-6.56804
-6.62463
-6.78617
-6.64168
-6.66685
-6.63303
-6.66851
-6.63262
-6.76666
-6.46774
-6.78616
-6.61589
-6.64897
-6.68681
-6.65262
-6.66084
-6.6509
-6.53181
-6.66547
-6.69272
-6.73489
-6.54371
-6.66354
-6.65152
-6.67777
-6.65356
-6.64168
-6.66383
-6.65852
-6.60845
-6.71808
-6.61299
-6.5544
-6.62714
-6.67488
-6.7558
-6.62955
-6.6437
-6.68593
-6.62561
-6.56379
-6.59344
-6.76668
-6.70386
-6.63493
-6.55807
-6.68202
-6.54687
-6.70878
-6.5563
-6.88002
-6.54163
-6.56161
-6.74079
-6.63567
-6.62978
-6.67014
-6.73964
-6.59235
-6.63871
-6.5256
-6.73942
-6.68581
-6.64211
-6.64817
-6.73888
-6.65541
-6.54306
-6.63622
-6.64841
-6.79216
-6.49508
-6.6832
-6.58185
-6.75109
-6.76162
-6.619
-6.62569
-6.70017
-6.58837
-6.54559
-6.71827
-6.79081
-6.68152
-6.58028
-6.61368
-6.70776
-6.61592
-6.58623
-6.74547
-6.67046
-6.64565
-6.64267
-6.58129
-6.6617
-6.70965
-6.57492
-6.71135
-6.54755
-6.88013
-6.52759
-6.72253
-6.58494
-6.61634
-6.70891
-6.72031
-6.6279
-6.49313
-6.77105
-6.64204
-6.68751
-6.5945
-6.67773
-6.62102
-6.6488
-6.78634
-6.58424
-6.68699
-6.70967
-6.62642
-6.58059
-6.67492
-6.66137
-6.63555
-6.69599
-6.6048
-6.72321
-6.70464
-6.61656
-6.57751
-6.65842
-6.64468
-6.75889
-6.56152
-6.68908
-6.66148
-6.60608
-6.68547
-6.62049
-6.63656
-6.64842
-6.75908
-6.5371
-6.63435
-6.66202
-6.62987
-6.74105
-6.62763
-6.70796
-6.59089
-6.73883
-6.55605
-6.70409
-6.61516
-6.67537
-6.64264
-6.6719
-6.56811
-6.7323
-6.63215
-6.6978
-6.61644
-6.73482
-6.58023
-6.63513
-6.70762
-6.6208
-6.67488
-6.59722
-6.67984
-6.59201
-6.73717
-6.62134
-6.72046
-6.68929
-6.56337
-6.66672
-6.69771
-6.6359
-6.58411
-6.68556
-6.75341
-6.60325
-6.65412
-6.62817
-6.65469
-6.61833
-6.73952
-6.75325
-6.56992
-6.64811
-6.5555
-6.75768
-6.72915
-6.58054
-6.70717
-6.62372
-6.6792
-6.6473
-6.71636
-6.60437
-6.71465
-6.56704
-6.62556
-6.71312
-6.68947
-6.61405
-6.6989
-6.55257
-6.75397
-6.61693
-6.66175
-6.58913
-6.75541
-6.62136
-6.68337
-6.5958
-6.68004
-6.69571
-6.68092
-6.59199
-6.63977
-6.69859
-6.5702
-6.76796
-6.72759
-6.67893
-6.47662
-6.64958
-6.59957
-6.73192
-6.7034
-6.54225
-6.72039
-6.54872
-6.67886
-6.69562
-6.648
-6.62866
-6.67861
-6.65053
-6.6126
-6.74192
-6.68899
-6.59464
-6.70779
-6.63608
-6.60296
-6.61528
-6.70806
-6.67527
-6.64317
-6.75184
-6.57357
-6.62824
-6.66762
-6.65603
-6.64053
-6.59987
-6.68257
-6.78133
-6.56502
-6.57897
-6.72906
-6.72373
-6.59223
-6.62427
-6.71875
-6.64246
-6.62413
-6.67047
-6.69101
-6.63931
-6.68991
-6.55206
-6.67238
-6.67715
-6.67906
-6.64444
-6.62447
-6.6299
-6.59095
-6.7194
-6.58727
-6.68782
-6.75823
-6.52528
-6.6895
-6.65214
-6.64411
-6.5545
-6.61811
-6.66886
-6.72593
-6.69972
-6.54475
-6.64241
-6.68648
-6.65599
-6.65208
-6.63277
-6.65942
-6.61633
-6.64517
-6.71558
-6.65194
-6.62272
-6.62787
-6.67485
