0 0 0
0.064633 0 0
0.129266 0 0
0.193899 0 0
0.258532 0 0
0.323165 0 0
0.387798 0 0
0.452431 0 0
0.517064 0 0
0.581697 0 0
0.64633 0 0
0.710963 0 0
0.775596 0 0
0.84023 0.0023583 0.000763005
0.904863 0.223151 0.0113607
0.969496 1.42227 0.0350898
1.03413 2.72847 0.0518733
1.09876 2.99145 0.0549535
1.16339 2.6716 0.050059
1.22803 2.33323 0.0388926
1.29266 1.9964 0.0354543
1.35729 1.77494 0.0309449
1.42193 1.58572 0.0267956
1.48656 1.4684 0.0231804
1.55119 1.38591 0.0207707
1.61583 1.32806 0.0213542
1.68046 1.26715 0.0206125
1.74509 1.20418 0.0175524
1.80973 1.19695 0.0180295
1.87436 1.16492 0.0167985
1.93899 1.14231 0.0169654
2.00362 1.16534 0.0192378
2.06826 1.15883 0.0166634
2.13289 1.15336 0.0184289
2.19752 1.1292 0.0171121
2.26216 1.12141 0.0151353
2.32679 1.09322 0.0137182
2.39142 1.09666 0.0144732
2.45606 1.07384 0.0157335
2.52069 1.06329 0.0145129
2.58532 1.062 0.0125749
2.64995 1.07456 0.0133698
2.71459 1.05681 0.0131818
2.77922 1.04855 0.0132526
2.84385 1.04881 0.0131381
2.90849 1.03825 0.011863
2.97312 1.03848 0.00991167
3.03775 1.02989 0.0096668
3.10239 1.01751 0.0101717
3.16702 1.02414 0.0112532
3.23165 1.02951 0.0104331
3.29629 1.0302 0.0102564
3.36092 1.0258 0.00957906
3.42555 1.02083 0.0092242
3.49018 1.00263 0.00896858
3.55482 1.0186 0.00960378
3.61945 1.0159 0.00972574
3.68408 1.00701 0.00960522
3.74872 1.01364 0.00876019
3.81335 0.999559 0.00852342
3.87798 0.998245 0.00774318
3.94262 1.00197 0.00780319
4.00725 1.00541 0.0089083
4.07188 0.998547 0.00823015
4.13651 1.00112 0.00767443
4.20115 0.999986 0.00664946
4.26578 1.00404 0.00713051
4.33041 1.00114 0.0070602
4.39505 1.00359 0.00631894
4.45968 1.00501 0.00618707
4.52431 0.991869 0.00692758
4.58895 0.989709 0.00670498
4.65358 0.998894 0.00705517
4.71821 0.993441 0.00685426
4.78285 0.993925 0.0067449
4.84748 0.989794 0.00662582
4.91211 0.985692 0.00637509
4.97674 0.984237 0.00639972
5.04138 0.993742 0.00648905
5.10601 0.991017 0.00601274
5.17064 0.991676 0.00622702
5.23528 0.982917 0.00594376
5.29991 0.980507 0.00583207
5.36454 0.987424 0.00529344
5.42918 0.983342 0.00512408
5.49381 0.979497 0.00455125
5.55844 0.98448 0.00507727
5.62307 0.985156 0.00511788
5.68771 0.995527 0.00595404
5.75234 0.991989 0.00588385
5.81697 0.990954 0.00497902
5.88161 0.988689 0.00524582
5.94624 0.984436 0.00534893
6.01087 0.988955 0.00538642
6.07551 0.986845 0.00476894
6.14014 0.989384 0.00518011
6.20477 0.988279 0.00484376
6.2694 0.986851 0.00488806
6.33404 0.987855 0.00486565
6.39867 0.989667 0.00470931
