1.77195
1.79444
1.81296
1.83506
1.83202
1.82236
1.83169
1.85927
1.86749
1.84111
1.87057
1.86727
1.85242
1.8342
1.8582
1.80914
1.84859
1.83077
1.82862
1.83371
1.84152
1.80564
1.83802
1.85761
1.86486
1.87096
1.86157
1.88699
1.88991
1.87537
1.90754
1.87038
1.87067
1.89811
1.86962
1.88772
1.904
1.88169
1.86277
1.84717
1.86461
1.82546
1.86402
1.83776
1.84128
1.87148
1.87321
1.86147
1.87891
1.87538
1.8806
1.90282
1.87689
1.83517
1.86302
1.89937
1.88088
1.86184
1.85634
1.86591
1.85033
1.90824
1.90456
1.87326
1.90763
1.91505
1.9019
1.86164
1.80892
1.90429
1.8967
1.8778
1.87504
1.85237
1.87488
1.88667
1.84037
1.85861
1.84711
1.84826
1.84615
1.83239
1.84761
1.84687
1.83305
1.84471
1.86614
1.85438
1.8597
1.88972
1.86866
1.87253
1.92334
1.88774
1.87047
1.85208
1.8499
1.87608
1.83742
1.82524
1.85602
1.8349
1.802
1.81306
1.83854
1.80303
1.81018
1.81524
1.81008
1.8198
1.81806
1.80959
1.79687
1.81505
1.83498
1.83586
1.82843
1.85728
1.86037
1.88107
1.88615
1.86512
1.86204
1.88686
1.90846
1.8934
1.90719
1.89754
1.9096
1.9266
1.93086
1.92429
1.89629
1.92662
1.92691
1.93251
1.91145
1.91086
1.9115
1.89566
1.90315
1.90661
1.90645
1.92666
1.93132
1.94037
1.95284
1.92168
1.95038
1.94258
1.95033
1.96499
1.90313
1.92104
1.9142
1.92881
1.90574
1.88926
1.87919
1.84771
1.82924
1.82277
1.83007
1.81952
1.80378
1.78986
1.82544
1.81572
1.84744
1.86261
1.83439
1.89531
1.86506
1.89342
1.87874
1.89186
1.89939
1.91856
1.92042
1.93458
1.94196
1.89404
1.90542
1.93858
1.96937
1.95108
1.91457
1.8672
1.93153
1.94067
1.86739
1.91473
1.87171
1.88049
1.94699
1.92347
1.90611
1.89796
1.92321
1.929
1.92544
1.90314
1.90991
1.90186
1.91017
1.90354
1.89308
1.87079
1.86428
1.84143
1.88864
1.88584
1.88929
1.88058
1.86232
1.86362
1.8781
1.9177
1.8766
1.87159
1.86758
1.87747
1.84879
1.87492
1.81474
1.83572
1.84001
1.86512
1.86105
1.78928
1.81678
1.82977
1.8556
1.85632
1.85721
1.83882
1.80454
1.8334
1.87782
1.84425
1.8656
1.86423
1.86344
1.87844
1.87214
1.85068
1.89187
1.8828
1.83406
1.8717
1.86988
1.87618
1.85016
1.83846
1.8869
1.83603
1.85069
1.87537
1.89598
1.8971
1.85392
1.85939
1.87235
1.86775
1.85888
1.87758
1.86419
1.76699
1.82617
1.81492
1.81954
1.81976
1.78324
1.77822
1.81229
1.79684
1.80451
1.79952
1.77912
1.82187
1.81914
1.82332
1.8181
1.864
1.86323
1.88303
1.89338
1.85996
1.87658
1.88897
1.908
1.88686
1.90736
1.92404
1.8956
1.91595
1.92673
1.92881
1.88489
1.95872
1.91765
1.90078
1.93825
1.96617
1.93009
1.90236
1.92151
1.91213
1.90477
1.88777
1.85349
1.8839
1.88699
1.84471
1.84238
1.87057
1.86131
1.85772
1.85658
1.8587
1.80366
1.86065
1.84058
1.85851
1.84592
1.86666
1.84369
1.87557
1.80746
1.88374
1.89022
1.90599
1.87252
1.83795
1.87043
1.85949
1.82997
1.81893
1.81548
1.80234
1.79404
1.7938
1.75524
1.77026
1.78008
1.79274
1.7476
1.75019
1.82692
1.8235
1.79797
1.78807
1.81287
1.81993
1.82941
1.85311
1.79111
1.84567
1.84164
1.89851
1.90643
1.90987
1.93902
1.91291
1.90425
1.92335
1.92613
1.90303
1.90778
1.89032
1.85766
1.84717
1.85277
1.82124
1.82415
1.82484
1.80646
1.77927
1.81044
1.82323
1.79063
1.7518
1.76516
1.83351
1.84016
1.76536
1.81285
1.81555
1.82017
1.83898
1.8281
1.85302
1.8379
1.85142
1.84352
1.833
1.8835
1.8872
1.88421
1.82696
1.85502
1.84808
1.8522
1.80737
1.82228
1.81707
1.81034
1.76155
1.75407
1.78258
1.78604
1.77991
1.775
1.7887
1.77733
1.79698
1.77428
1.79247
1.77822
1.80164
1.78937
1.77539
1.77228
1.73813
1.72515
1.75001
1.74382
1.75101
1.77432
1.78897
1.80056
1.81267
1.78907
1.79581
1.84008
1.84426
1.79757
1.76281
1.7826
1.78466
1.76592
1.74469
1.7372
1.7502
1.74746
1.76402
1.7639
1.75266
1.76336
1.77222
1.78121
1.81185
1.77366
1.79342
1.83278
1.82057
1.82809
1.83457
1.8421
1.84377
1.84695
1.82739
1.8516
1.88004
1.88885
1.81534
1.82472
1.83189
1.84086
1.83823
1.7839
1.76154
1.80889
1.79122
1.76509
1.76456
1.76494
1.76991
1.76851
1.7566
1.79908
1.7588
1.78664
1.79349
1.81835
1.80744
1.81371
1.8308
1.80237
1.79894
1.81802
1.82442
1.78724
1.79024
1.75658
1.74573
1.76497
1.77231
1.76784
1.74464
1.78269
1.80391
1.7662
1.721
1.74193
1.80736
1.77733
1.74296
1.70704
1.73395
1.74722
1.76709
1.76473
1.74742
1.74244
1.81144
1.79242
1.7541
1.79537
1.8161
1.7955
1.78912
1.80006
1.81296
1.80471
1.78669
1.76742
1.77353
1.79137
1.78917
1.75735
1.78972
1.77294
1.79346
1.78434
1.75231
1.78883
1.77637
1.77828
1.793
1.79243
1.78438
1.82642
1.8217
1.79527
1.81491
1.831
1.83204
1.83365
1.83679
1.81033
1.86479
1.84885
1.81228
1.82906
1.81435
1.84221
1.82371
1.80611
1.81354
1.80731
1.80066
1.81026
1.81992
1.8066
1.81204
1.81637
1.83129
1.84358
1.85198
1.81897
1.85535
1.84968
1.85509
1.81739
1.81827
1.84196
1.80396
1.83992
1.83591
1.79537
1.82222
1.82163
1.82961
1.81417
1.80244
1.81994
1.82051
1.77044
1.81768
1.77609
1.80418
1.824
1.80563
1.80298
1.7649
1.82091
1.82349
1.76519
1.81117
1.8484
1.83698
1.82306
1.81723
1.80506
1.78414
1.81658
1.83277
1.76549
1.8115
1.80487
1.82432
1.82867
1.78538
1.802
1.81949
1.78907
1.84608
1.85808
1.80575
1.8406
1.83852
1.85085
1.8476
1.84734
1.84612
1.8351
1.8351
1.81789
1.82153
1.82328
1.83445
1.84007
1.83496
1.86578
1.87034
1.85817
1.86638
1.8981
1.91856
1.89928
1.85526
1.91282
1.86929
1.89539
1.89748
1.88823
1.8869
1.90171
1.84942
1.91679
1.91398
1.91624
1.91385
1.91258
1.92294
1.93732
1.93901
1.90066
1.91243
1.93306
1.92745
1.87736
1.91549
1.89373
1.88348
1.90949
1.9028
1.88986
1.90391
1.93533
1.92248
1.90179
1.90313
1.92744
1.94747
1.8982
1.934
1.92205
1.94227
1.94919
1.94328
1.8949
1.97737
1.92725
1.95319
1.93178
1.89065
1.90042
1.91335
1.90307
1.88099
1.86308
1.88073
1.82247
1.86565
1.86798
1.87418
1.86595
1.84053
1.83125
1.87818
1.87567
1.84791
1.85258
1.84718
1.86332
1.82541
1.85152
1.86497
1.85993
1.86312
1.86981
1.87779
1.84964
1.84518
1.86369
1.85878
1.84081
1.84559
1.81851
1.83433
1.84334
1.80186
1.81925
1.83567
1.83345
1.82874
1.86332
1.87741
1.79867
1.83023
1.86772
1.8788
1.83521
1.8688
1.88798
1.89521
1.88881
1.84478
1.86626
1.87536
1.9288
1.89297
1.87773
1.87219
1.91361
1.91026
1.86664
1.89352
1.91081
1.86315
1.86619
1.87176
1.89195
1.89354
1.87056
1.84522
1.83825
1.84195
1.83027
1.86365
1.84616
1.85934
1.81285
1.86438
1.8525
1.85735
1.8388
1.85056
1.90943
1.90346
1.84043
1.84624
1.86378
1.869
1.83826
1.81259
1.83921
1.82346
1.82872
1.82426
1.78843
1.81019
1.83916
1.85306
1.84467
1.88784
1.84514
1.87313
1.88312
1.88865
1.87045
1.93173
1.83605
1.90556
1.86524
1.85622
1.91287
1.91697
1.90216
1.92269
1.92051
1.90097
1.95201
1.95573
1.95791
1.95132
1.9699
1.99976
1.86005
1.95613
1.96573
1.96398
1.93113
1.93436
1.95249
1.91915
1.87085
1.84964
1.9043
1.91194
1.87793
1.83734
1.7919
1.86221
1.88688
1.86407
1.82293
1.85596
1.84436
1.81521
1.86245
1.83912
1.83692
1.82996
1.8186
1.80552
1.83673
1.81273
1.78999
1.81252
1.7909
1.81217
1.81655
1.8338
1.8048
1.8336
1.85101
1.85641
1.85903
1.82197
1.84909
1.88269
1.87506
1.85605
1.84948
1.82767
1.84116
1.8625
1.85434
1.85378
1.84677
1.79149
1.78292
1.80828
1.79104
1.78519
1.76923
1.76835
1.76714
1.76583
1.78749
1.82144
1.83309
1.81081
1.85853
1.85505
1.89094
1.88518
1.85936
1.88383
1.83764
1.88653
1.8816
1.83462
1.87197
1.86801
1.82068
1.85231
1.84017
1.79039
1.79377
1.83188
1.83378
1.75234
1.79784
1.74497
1.80771
1.79912
1.78198
1.77724
1.76994
1.80376
1.81076
1.83378
1.81663
1.79625
1.79433
1.81139
1.81275
1.82006
1.7955
1.77847
1.77439
1.77426
1.78387
1.77648
1.79873
1.78377
1.82522
1.80936
1.83171
1.84583
1.79682
1.84936
1.85316
1.80479
1.85848
1.85942
1.85944
1.8505
1.83038
1.81836
1.84896
1.8362
1.83234
1.81705
1.81962
1.78876
1.81411
1.8101
1.80526
1.81686
1.81996
1.79559
1.77419
1.78348
1.79124
1.76358
1.77807
1.76474
1.75853
1.75637
1.77471
1.77892
1.77963
1.76645
1.78314
1.7858
1.81042
1.80928
1.81125
1.8093
1.82209
1.83526
1.84197
1.80096
1.83927
1.88584
1.88109
1.87501
1.80939
1.86696
1.86911
1.86994
1.8507
1.85649
1.84102
1.83739
1.85668
1.82705
1.80915
1.84254
1.84983
1.85821
1.83326
1.8632
1.83024
1.87726
1.89262
1.85091
1.88201
1.86395
1.82095
1.84045
1.86635
1.81576
1.80151
1.82904
