1.1813
1.19629
1.20864
1.22338
1.22134
1.2149
1.22113
1.23951
1.245
1.22741
1.24705
1.24485
1.23495
1.2228
1.2388
1.20609
1.23239
1.22051
1.21908
1.22247
1.22768
1.20376
1.22535
1.23841
1.24324
1.24731
1.24105
1.25799
1.25994
1.25024
1.27169
1.24692
1.24712
1.26541
1.24641
1.25848
1.26934
1.25446
1.24185
1.23144
1.24307
1.21697
1.24268
1.22517
1.22752
1.24765
1.24881
1.24098
1.25261
1.25026
1.25373
1.26855
1.25126
1.22345
1.24201
1.26625
1.25392
1.24123
1.23756
1.24394
1.23355
1.27216
1.2697
1.24884
1.27176
1.2767
1.26793
1.24109
1.20595
1.26953
1.26446
1.25187
1.25003
1.23491
1.24992
1.25778
1.22691
1.23908
1.23141
1.23218
1.23076
1.22159
1.23174
1.23124
1.22204
1.2298
1.2441
1.23626
1.2398
1.25981
1.24577
1.24835
1.28223
1.25849
1.24698
1.23472
1.23327
1.25072
1.22494
1.21682
1.23734
1.22327
1.20133
1.20871
1.22569
1.20202
1.20678
1.21016
1.20672
1.2132
1.21204
1.20639
1.19791
1.21003
1.22332
1.22391
1.21895
1.23819
1.24025
1.25405
1.25743
1.24341
1.24136
1.2579
1.27231
1.26226
1.27146
1.26502
1.27306
1.2844
1.28724
1.28286
1.26419
1.28441
1.2846
1.28834
1.2743
1.2739
1.27433
1.26377
1.26876
1.27107
1.27097
1.28444
1.28755
1.29358
1.3019
1.28112
1.30025
1.29505
1.30022
1.30999
1.26875
1.28069
1.27613
1.28587
1.27049
1.2595
1.2528
1.23181
1.21949
1.21518
1.22005
1.21301
1.20252
1.19324
1.21696
1.21048
1.23163
1.24174
1.22292
1.26354
1.24337
1.26228
1.25249
1.26124
1.26626
1.27904
1.28028
1.28972
1.29464
1.26269
1.27028
1.29239
1.31291
1.30072
1.27638
1.2448
1.28769
1.29378
1.24493
1.27649
1.2478
1.25366
1.298
1.28231
1.27074
1.26531
1.28214
1.286
1.28363
1.26876
1.27327
1.2679
1.27345
1.26903
1.26206
1.24719
1.24286
1.22762
1.2591
1.25722
1.25953
1.25372
1.24155
1.24241
1.25207
1.27847
1.25107
1.24773
1.24505
1.25164
1.23253
1.24995
1.20983
1.22381
1.22667
1.24341
1.2407
1.19286
1.21119
1.21985
1.23707
1.23755
1.23814
1.22588
1.20303
1.22227
1.25188
1.2295
1.24373
1.24282
1.24229
1.2523
1.2481
1.23379
1.26125
1.2552
1.22271
1.2478
1.24659
1.25079
1.23344
1.22564
1.25794
1.22402
1.2338
1.25025
1.26399
1.26474
1.23594
1.23959
1.24823
1.24516
1.23926
1.25172
1.24279
1.17799
1.21744
1.20994
1.21303
1.21318
1.18883
1.18548
1.20819
1.19789
1.20301
1.19968
1.18608
1.21458
1.21276
1.21555
1.21207
1.24267
1.24216
1.25535
1.26226
1.23997
1.25105
1.25931
1.272
1.25791
1.27157
1.2827
1.26373
1.2773
1.28448
1.28587
1.25659
1.30582
1.27844
1.26719
1.29217
1.31078
1.28672
1.26824
1.28101
1.27475
1.26985
1.25852
1.23566
1.25594
1.25799
1.22981
1.22826
1.24705
1.24087
1.23848
1.23772
1.23913
1.20244
1.24043
1.22705
1.239
1.23061
1.24444
1.22912
1.25038
1.20497
1.25582
1.26015
1.27066
1.24835
1.2253
1.24695
1.23966
1.21998
1.21262
1.21032
1.20156
1.19603
1.19587
1.17016
1.18017
1.18672
1.19516
1.16507
1.16679
1.21794
1.21566
1.19865
1.19205
1.20858
1.21329
1.21961
1.23541
1.19407
1.23045
1.22776
1.26567
1.27095
1.27324
1.29268
1.27527
1.2695
1.28223
1.28408
1.26868
1.27186
1.26021
1.23844
1.23145
1.23518
1.21416
1.2161
1.21656
1.2043
1.18618
1.20696
1.21549
1.19375
1.16787
1.17677
1.22234
1.22677
1.17691
1.20857
1.21037
1.21345
1.22598
1.21873
1.23535
1.22527
1.23428
1.22902
1.222
1.25567
1.25814
1.25614
1.21797
1.23668
1.23205
1.2348
1.20491
1.21485
1.21138
1.2069
1.17437
1.16938
1.18839
1.19069
1.18661
1.18333
1.19247
1.18488
1.19799
1.18285
1.19498
1.18548
1.20109
1.19292
1.1836
1.18152
1.15875
1.1501
1.16668
1.16254
1.16734
1.18288
1.19265
1.20037
1.20845
1.19271
1.19721
1.22672
1.22951
1.19838
1.1752
1.1884
1.18978
1.17728
1.16312
1.15813
1.1668
1.16497
1.17601
1.17593
1.16844
1.17557
1.18148
1.18747
1.2079
1.18244
1.19561
1.22186
1.21371
1.21872
1.22305
1.22807
1.22918
1.2313
1.21826
1.2344
1.25336
1.25923
1.21023
1.21648
1.22126
1.22724
1.22549
1.18927
1.17436
1.20593
1.19415
1.17672
1.17637
1.17663
1.17994
1.17901
1.17106
1.19939
1.17253
1.1911
1.19566
1.21223
1.20496
1.20914
1.22053
1.20158
1.19929
1.21201
1.21628
1.19149
1.19349
1.17105
1.16382
1.17664
1.18154
1.17856
1.16309
1.18846
1.20261
1.17747
1.14734
1.16129
1.20491
1.18489
1.16197
1.13803
1.15597
1.16481
1.17806
1.17649
1.16495
1.16163
1.20763
1.19495
1.1694
1.19691
1.21073
1.197
1.19274
1.20004
1.20864
1.20314
1.19113
1.17828
1.18235
1.19425
1.19278
1.17156
1.19315
1.18196
1.19564
1.18956
1.16821
1.19256
1.18425
1.18552
1.19533
1.19495
1.18958
1.21761
1.21447
1.19684
1.20994
1.22067
1.22136
1.22244
1.22453
1.20688
1.24319
1.23257
1.20819
1.21938
1.20956
1.22814
1.21581
1.20407
1.20903
1.20487
1.20044
1.20684
1.21328
1.2044
1.20803
1.21091
1.22086
1.22905
1.23465
1.21264
1.2369
1.23312
1.23673
1.2116
1.21218
1.22797
1.20264
1.22661
1.22394
1.19692
1.21481
1.21442
1.21974
1.20945
1.20162
1.21329
1.21367
1.1803
1.21178
1.18406
1.20279
1.216
1.20375
1.20199
1.1766
1.21394
1.21566
1.1768
1.20745
1.23227
1.22465
1.21537
1.21149
1.20337
1.18943
1.21105
1.22185
1.17699
1.20766
1.20324
1.21621
1.21911
1.19025
1.20133
1.21299
1.19271
1.23072
1.23872
1.20383
1.22706
1.22568
1.2339
1.23174
1.23156
1.23075
1.2234
1.2234
1.21193
1.21436
1.21552
1.22297
1.22672
1.2233
1.24385
1.24689
1.23878
1.24425
1.2654
1.27904
1.26619
1.23684
1.27522
1.24619
1.2636
1.26498
1.25882
1.25793
1.2678
1.23295
1.27786
1.27599
1.27749
1.2759
1.27505
1.28196
1.29155
1.29267
1.26711
1.27495
1.28871
1.28497
1.25157
1.27699
1.26249
1.25565
1.27299
1.26853
1.25991
1.26927
1.29022
1.28165
1.26786
1.26875
1.28496
1.29832
1.26546
1.28933
1.28136
1.29485
1.29946
1.29552
1.26327
1.31825
1.28483
1.30213
1.28785
1.26044
1.26695
1.27556
1.26871
1.254
1.24206
1.25382
1.21498
1.24377
1.24532
1.24946
1.24397
1.22702
1.22083
1.25212
1.25045
1.23194
1.23505
1.23145
1.24221
1.21694
1.23435
1.24332
1.23995
1.24208
1.24654
1.25186
1.2331
1.23012
1.24246
1.23919
1.22721
1.23039
1.21234
1.22289
1.22889
1.20124
1.21284
1.22378
1.2223
1.21916
1.24222
1.25161
1.19911
1.22016
1.24515
1.25253
1.22347
1.24586
1.25865
1.26347
1.2592
1.22985
1.24417
1.25024
1.28586
1.26198
1.25182
1.24813
1.27574
1.27351
1.24442
1.26234
1.27387
1.2421
1.24413
1.24784
1.2613
1.26236
1.24704
1.23015
1.2255
1.22797
1.22018
1.24243
1.23078
1.23956
1.20856
1.24292
1.235
1.23823
1.22587
1.23371
1.27295
1.26897
1.22695
1.23083
1.24252
1.246
1.22551
1.20839
1.22614
1.21564
1.21914
1.21618
1.19229
1.20679
1.22611
1.23537
1.22978
1.25856
1.2301
1.24875
1.25542
1.2591
1.24697
1.28782
1.22403
1.27037
1.24349
1.23748
1.27525
1.27798
1.26811
1.28179
1.28034
1.26732
1.30134
1.30382
1.30527
1.30088
1.31327
1.33317
1.24004
1.30409
1.31049
1.30932
1.28742
1.28957
1.30166
1.27943
1.24723
1.23309
1.26954
1.27462
1.25195
1.22489
1.1946
1.24147
1.25792
1.24271
1.21529
1.23731
1.22957
1.21014
1.24163
1.22608
1.22461
1.21998
1.2124
1.20368
1.22448
1.20849
1.19333
1.20835
1.19394
1.20811
1.21103
1.22253
1.2032
1.2224
1.23401
1.23761
1.23935
1.21464
1.23273
1.25512
1.25004
1.23737
1.23299
1.21844
1.22744
1.24167
1.23622
1.23585
1.23118
1.19433
1.18861
1.20552
1.19403
1.19013
1.17949
1.1789
1.17809
1.17722
1.19166
1.21429
1.22206
1.20721
1.23902
1.2367
1.26063
1.25679
1.23958
1.25589
1.22509
1.25769
1.2544
1.22308
1.24798
1.24534
1.21378
1.23488
1.22678
1.19359
1.19585
1.22125
1.22252
1.16823
1.19856
1.16331
1.20514
1.19941
1.18799
1.18483
1.17996
1.2025
1.20717
1.22252
1.21108
1.1975
1.19622
1.20759
1.2085
1.21337
1.197
1.18564
1.18293
1.18284
1.18925
1.18432
1.19915
1.18918
1.21681
1.20624
1.22114
1.23056
1.19788
1.2329
1.23544
1.20319
1.23898
1.23961
1.23962
1.23367
1.22025
1.21224
1.23264
1.22414
1.22156
1.21137
1.21308
1.19251
1.20941
1.20674
1.2035
1.21124
1.2133
1.19706
1.1828
1.18899
1.19416
1.17572
1.18538
1.17649
1.17235
1.17091
1.18314
1.18595
1.18642
1.17763
1.18876
1.19054
1.20694
1.20618
1.2075
1.2062
1.21472
1.22351
1.22798
1.20064
1.22618
1.25723
1.25406
1.25
1.20626
1.24464
1.24607
1.24663
1.2338
1.23766
1.22735
1.22493
1.23779
1.21803
1.2061
1.22836
1.23322
1.23881
1.22217
1.24213
1.22016
1.2515
1.26175
1.23394
1.25467
1.24263
1.21397
1.22697
1.24424
1.21051
1.201
1.21936
