           1    0.814808    0.814808           0
           2     0.96584    0.890324   0.0533979
           3     0.88006    0.886903    0.035708
           4     0.96496    0.906417   0.0316675
           5    0.968128    0.918759   0.0276347
           6    0.940128    0.922321   0.0232573
           7    0.941956    0.925126   0.0201032
           8     0.77948     0.90692   0.0244834
           9     0.94546    0.911202   0.0221343
          10    0.938072    0.913889   0.0200833
          11    0.885224    0.911283   0.0184259
          12    0.901076    0.910433     0.01691
          13    0.961148    0.914334   0.0160529
          14    0.941916    0.916304   0.0150267
          15     0.66236    0.899374   0.0215454
          16     0.95932    0.903121   0.0205219
          17    0.951088    0.905943   0.0195078
          18    0.944812    0.908102   0.0185431
          19    0.959424    0.910803   0.0177628
          20    0.913736     0.91095   0.0168753
           1    0.784352    0.784352           0
           2    0.718184    0.751268   0.0233939
           3    0.623284    0.708607   0.0381649
           4    0.777328    0.725787   0.0322597
           5     0.77292    0.735214   0.0271501
           6    0.791624    0.744615   0.0241983
           7     0.79878    0.752353   0.0219437
           8    0.837224    0.762962   0.0216136
           9    0.852428    0.772903   0.0213762
          10    0.789276     0.77454   0.0193012
          11     0.49786    0.749387   0.0297157
          12    0.698904     0.74518   0.0275356
          13    0.764468    0.746664   0.0254574
          14     0.80456    0.750799   0.0239726
          15    0.829572    0.756051   0.0229424
          16    0.689452    0.751888   0.0218828
          17    0.691692    0.748348   0.0208801
          18    0.900832    0.756819   0.0213696
          19    0.735496    0.755697   0.0202743
          20     0.77952    0.756888   0.0192956
           1    0.569576    0.569576           0
           2     0.60468    0.587128   0.0124111
           3     0.65712    0.610459   0.0207687
           4    0.602256    0.608408   0.0156775
           5    0.673656    0.621458   0.0171329
           6    0.594964    0.617042   0.0148355
           7    0.400868     0.58616   0.0312915
           8    0.381688    0.560601   0.0363493
           9    0.539528     0.55826   0.0323858
          10     0.52328    0.554762   0.0293355
          11    0.675584    0.565745   0.0286513
          12    0.571788    0.566249   0.0262681
          13    0.573732    0.566825   0.0242538
          14    0.541452    0.565012    0.022589
          15     0.61876    0.568595   0.0213653
          16    0.561156     0.56813   0.0200351
          17    0.526252    0.565667   0.0190074
          18    0.545372     0.56454   0.0179848
          19    0.591812    0.565975   0.0170954
          20    0.520344    0.563693   0.0163922
           1    0.309852    0.309852           0
           2    0.402984    0.356418   0.0329271
           3    0.329044    0.347293   0.0231813
           4     0.37376     0.35391   0.0183059
           5    0.409268    0.364982   0.0176786
           6    0.292976    0.352981   0.0183591
           7    0.397652    0.359362   0.0168089
           8    0.455408    0.371368   0.0185051
           9    0.492188    0.384792   0.0207548
          10    0.425848    0.388898   0.0190811
          11    0.372584    0.387415    0.017404
          12     0.44596    0.392294   0.0166234
          13      0.4254     0.39484   0.0155385
          14     0.38306    0.393999   0.0144514
          15    0.386748    0.393515    0.013496
          16    0.404576    0.394207   0.0126702
          17    0.432476    0.396458   0.0121232
          18    0.479608    0.401077   0.0122984
          19     0.48602    0.405548   0.0124372
          20    0.507784     0.41066   0.0128228
           1    0.331376    0.331376           0
           2      0.3345    0.332938   0.0011045
           3     0.31478    0.326885  0.00499654
           4    0.321344      0.3255  0.00393477
           5    0.253168    0.311034   0.0133165
           6     0.32598    0.313525   0.0113277
           7      0.2633     0.30635   0.0117643
           8    0.302712    0.305895   0.0103026
           9     0.27382    0.302331   0.0097548
          10     0.29288    0.301386  0.00882499
          11    0.253204    0.297006  0.00904465
          12    0.361868    0.302411  0.00977348
          13    0.277896    0.300525   0.0092018
          14    0.299868    0.300478  0.00854465
          15    0.292344    0.299936   0.0079922
          16    0.261608     0.29754  0.00784347
          17    0.251424    0.294828  0.00783718
          18    0.305644    0.295429  0.00742478
          19    0.281924    0.294718  0.00706794
          20    0.361684    0.298066  0.00746563
           1    0.206172    0.206172           0
           2    0.187308     0.19674  0.00666943
           3    0.285604    0.226361    0.024591
           4    0.228368    0.226863   0.0184484
           5    0.238768    0.229244   0.0149116
           6    0.238404    0.230771   0.0125042
           7    0.190228    0.224979   0.0119844
           8    0.213992    0.223606   0.0105648
           9    0.244088    0.225881  0.00963291
          10    0.213492    0.224642  0.00874892
          11    0.196056    0.222044   0.0083306
          12    0.217932    0.221701  0.00764342
          13     0.19572    0.219702  0.00731208
          14    0.237064    0.220943  0.00689415
          15    0.203164    0.219757  0.00653563
          16    0.228552    0.220307  0.00615022
          17    0.242268    0.221599  0.00592256
          18     0.22066    0.221547  0.00559376
          19     0.17944    0.219331  0.00572153
          20    0.212188    0.218973  0.00544659
           1    0.160236    0.160236           0
           2    0.123628    0.141932   0.0129429
           3    0.159432    0.147765  0.00985585
           4    0.157048    0.150086  0.00766023
           5    0.204716    0.161012    0.011535
           6    0.149956    0.159169  0.00975858
           7    0.195132    0.164307  0.00962229
           8    0.217716    0.170983   0.0104827
           9    0.162648    0.170057   0.0093588
          10    0.171204    0.170172  0.00842362
          11    0.113072    0.164981  0.00911801
          12    0.185668    0.166705  0.00851959
          13    0.179712    0.167705  0.00792277
          14     0.22112    0.171521  0.00822438
          15    0.132472    0.168917  0.00807759
          16    0.160628    0.168399  0.00758933
          17    0.198648    0.170179  0.00734853
          18      0.1802    0.170735  0.00696133
          19    0.174272    0.170921  0.00659744
          20    0.176224    0.171187  0.00627289
           1    0.136432    0.136432           0
           2    0.084928     0.11068   0.0182094
           3    0.124904    0.115421   0.0127419
           4    0.122964    0.117307  0.00969498
           5    0.124864    0.118818  0.00787291
           6    0.164624    0.126453  0.00957141
           7    0.151076     0.12997  0.00882682
           8     0.11556    0.128169  0.00790512
           9    0.162228    0.131953   0.0078807
          10    0.119544    0.130712  0.00718967
          11    0.124816    0.130176  0.00655602
          12    0.152736    0.132056  0.00627344
          13    0.130876    0.131966  0.00579152
          14    0.147312    0.133062   0.0054806
          15     0.15866    0.134768  0.00537436
          16    0.145472    0.135437  0.00507993
          17     0.12084    0.134579  0.00485313
          18     0.13152    0.134409  0.00458649
          19    0.117224    0.133504  0.00443338
          20    0.128696    0.133264  0.00421822
           1     0.14914     0.14914           0
           2     0.11478     0.13196   0.0121481
           3    0.106416    0.123445   0.0106734
           4     0.13962    0.127489  0.00873755
           5    0.099728    0.121937  0.00857451
           6    0.073392    0.113846   0.0102766
           7    0.114224      0.1139  0.00880863
           8    0.114812    0.114014  0.00770829
           9    0.096696     0.11209  0.00708792
          10    0.108056    0.111686   0.0063906
          11    0.101516    0.110762  0.00587613
          12       0.144    0.113532  0.00600389
          13    0.113276    0.113512  0.00554208
          14     0.10952    0.113227  0.00515355
          15    0.111744    0.113128  0.00481093
          16    0.106964    0.112743  0.00452564
          17    0.088168    0.111297  0.00448436
          18    0.105928    0.110999  0.00424514
          19     0.12354    0.111659   0.0040727
          20    0.132032    0.112678  0.00399443
           1     0.07842     0.07842           0
           2    0.097836    0.088128  0.00686459
           3    0.090172   0.0888093  0.00461008
           4    0.100372      0.0917  0.00426869
           5    0.075948   0.0885496   0.0044274
           6    0.101212     0.09066   0.0041622
           7    0.102696   0.0923794  0.00390664
           8    0.070168    0.089603    0.004293
           9    0.082968   0.0888658  0.00387878
          10    0.125916   0.0925708  0.00495388
          11      0.0911   0.0924371  0.00450533
          12     0.08154    0.091529  0.00422041
          13    0.096512   0.0919123  0.00391313
          14    0.107132   0.0929994  0.00378162
          15    0.088348   0.0926893   0.0035422
          16    0.119756    0.094381  0.00370279
          17     0.10106   0.0947739  0.00350576
          18     0.10096   0.0951176   0.0033278
          19    0.101536   0.0954554  0.00316975
          20      0.0901   0.0951876  0.00302255
           1    0.072632    0.072632           0
           2       0.089    0.080816  0.00578696
           3    0.090684   0.0841053  0.00470076
           4    0.103184    0.088875  0.00543065
           5    0.078384   0.0867768  0.00473252
           6    0.095896   0.0882967  0.00418071
           7    0.097216   0.0895709  0.00377264
           8    0.072124     0.08739  0.00388055
           9     0.06012     0.08436  0.00447873
          10    0.074224   0.0833464  0.00414396
          11    0.097248   0.0846102  0.00395525
          12    0.086548   0.0847717  0.00362894
          13    0.070212   0.0836517  0.00351838
          14    0.066716    0.082442   0.0034688
          15     0.10248   0.0837779  0.00348529
          16    0.075368   0.0832522  0.00330686
          17    0.078112   0.0829499  0.00312613
          18    0.064084   0.0819018  0.00312322
          19    0.083752   0.0819992  0.00296036
          20    0.105616     0.08318  0.00303873
           1    0.069252    0.069252           0
           2      0.0758    0.072526  0.00231507
           3     0.05836    0.067804  0.00415294
           4    0.068148     0.06789  0.00311559
           5    0.063584   0.0670288  0.00260878
           6    0.069712    0.067476  0.00221198
           7     0.05846    0.066188   0.0022398
           8    0.080868    0.068023  0.00260523
           9    0.056544   0.0667476  0.00260936
          10    0.063472     0.06642   0.0023689
          11     0.06094   0.0659218   0.0022053
          12     0.07352    0.066555  0.00211047
          13    0.080708   0.0676437  0.00221117
          14    0.095488   0.0696326  0.00280871
          15    0.078272   0.0702085  0.00267987
          16     0.08336   0.0710305  0.00263542
          17    0.059748   0.0703668   0.0025626
          18    0.067904     0.07023  0.00242388
          19    0.071784   0.0703118  0.00229769
          20    0.068152   0.0702038  0.00218534
           1     0.06028     0.06028           0
           2    0.058376    0.059328 0.000673166
           3    0.060172   0.0596093 0.000504149
           4    0.059764    0.059648 0.000379592
           5     0.05016   0.0577504  0.00172422
           6     0.05824    0.057832  0.00143878
           7    0.074312   0.0601863  0.00250434
           8    0.052856     0.05927  0.00235296
           9     0.05564   0.0588667  0.00212581
          10    0.055504   0.0585304  0.00193964
          11    0.052552   0.0579869  0.00183788
          12    0.045416   0.0569393  0.00196068
          13    0.065324   0.0575843    0.001913
          14    0.052716   0.0572366  0.00180768
          15    0.057328   0.0572427  0.00168718
          16    0.062896    0.057596  0.00161831
          17    0.051976   0.0572654  0.00155651
          18    0.061352   0.0574924  0.00148651
          19    0.056232   0.0574261  0.00140975
          20    0.063216   0.0577156  0.00136866
           1     0.05258     0.05258           0
           2    0.045804    0.049192  0.00239568
           3    0.041996   0.0467933  0.00252716
           4    0.060152    0.050133  0.00345795
           5    0.058744   0.0518552  0.00316631
           6    0.057196   0.0527453  0.00276088
           7    0.063692   0.0543091  0.00277422
           8    0.055076    0.054405   0.0024291
           9    0.045304   0.0533938  0.00236032
          10    0.057952   0.0538496  0.00216785
          11    0.040824   0.0526655  0.00227127
          12    0.064472   0.0536493  0.00228519
          13    0.036756   0.0523498  0.00245119
          14     0.05114   0.0522634  0.00227763
          15    0.055812      0.0525  0.00213804
          16    0.050752   0.0523907   0.0020072
          17    0.070616   0.0534628  0.00215651
          18    0.057196   0.0536702  0.00204666
          19    0.053096     0.05364  0.00193916
          20    0.063192   0.0541176  0.00190011
           1    0.051416    0.051416           0
           2    0.052416    0.051916 0.000353553
           3    0.036224   0.0466853  0.00427732
           4     0.04568    0.046434  0.00321537
           5    0.055172   0.0481816  0.00300998
           6     0.04712   0.0480047  0.00251351
           7    0.045972   0.0477143  0.00217115
           8    0.039032    0.046629  0.00215399
           9    0.047208   0.0466933  0.00191562
          10    0.049276   0.0469516  0.00174138
          11     0.04556   0.0468251  0.00158766
          12    0.046568   0.0468037   0.0014555
          13     0.05574   0.0474911  0.00149709
          14    0.050936   0.0477371  0.00141023
          15    0.052508   0.0480552  0.00135161
          16    0.050588   0.0482135  0.00127637
          17    0.047984      0.0482  0.00120136
          18    0.046256    0.048092  0.00113946
          19    0.055648   0.0484897  0.00114679
          20    0.057576    0.048944    0.001176
           1    0.051756    0.051756           0
           2     0.05166    0.051708 3.39411e-05
           3    0.039464   0.0476267  0.00333247
           4     0.04532     0.04705  0.00254876
           5    0.049636   0.0475672  0.00209083
           6    0.034168    0.045334  0.00268175
           7    0.036768   0.0441103  0.00256268
           8    0.035788     0.04307  0.00244438
           9    0.046528   0.0434542  0.00220278
          10     0.03468   0.0425768  0.00215016
          11     0.05242   0.0434716  0.00213278
          12    0.050164   0.0440293  0.00202665
          13    0.041368   0.0438246  0.00188107
          14    0.033612   0.0430951  0.00188284
          15    0.038764   0.0428064  0.00177932
          16    0.031348   0.0420903   0.0018065
          17    0.033284   0.0415722  0.00177295
          18    0.039492   0.0414567  0.00167821
          19    0.035452   0.0411406  0.00161937
          20    0.032596   0.0407134  0.00159376
           1    0.031592    0.031592           0
           2    0.036176    0.033884  0.00162069
           3    0.041768    0.036512  0.00240243
           4    0.034048    0.035896  0.00187913
           5    0.033812   0.0354792  0.00154884
           6     0.04342   0.0368027  0.00176792
           7    0.031264   0.0360114  0.00168313
           8     0.03212    0.035525  0.00154143
           9    0.042212    0.036268  0.00153885
          10    0.040888     0.03673  0.00145266
          11    0.055404   0.0384276  0.00208901
          12    0.040244    0.038579   0.0019204
          13     0.03726   0.0384775  0.00177536
          14    0.046464    0.039048  0.00173778
          15     0.02958   0.0384168  0.00173277
          16    0.027384   0.0377272  0.00175633
          17    0.043892   0.0380899  0.00169003
          18    0.052864   0.0389107  0.00178436
          19    0.035084   0.0387093  0.00170177
          20    0.039672   0.0387574  0.00161737
           1    0.033976    0.033976           0
           2     0.03168    0.032828 0.000811759
           3     0.03046   0.0320387 0.000841565
           4    0.046012    0.035532  0.00309046
           5    0.053076   0.0390408  0.00399524
           6    0.029852   0.0375093  0.00361098
           7    0.031152   0.0366011   0.0032073
           8    0.023472     0.03496  0.00319883
           9    0.032284   0.0346627  0.00285719
          10    0.036112   0.0348076  0.00257514
          11    0.030096   0.0343793  0.00237639
          12    0.038836   0.0347507  0.00220719
          13    0.028568   0.0342751  0.00208802
          14    0.037296   0.0344909  0.00194999
          15    0.051172   0.0356029  0.00211344
          16     0.03068   0.0352953  0.00200362
          17    0.030508   0.0350136  0.00190545
          18    0.030808     0.03478  0.00181386
          19    0.037708   0.0349341  0.00172493
          20    0.027764   0.0345756  0.00167552
           1    0.027732    0.027732           0
           2    0.028384    0.028058 0.000230517
           3    0.041644   0.0325867  0.00370083
           4    0.039912    0.034418  0.00319678
           5    0.032712   0.0340768  0.00257557
           6    0.035344    0.034288  0.00215495
           7    0.033412   0.0341629  0.00185073
           8    0.026896   0.0332545  0.00182877
           9    0.024636   0.0322969  0.00185947
          10     0.03904   0.0329712  0.00179162
          11    0.020788   0.0318636  0.00194113
          12    0.037804   0.0323587  0.00184141
          13    0.032864   0.0323975  0.00170017
          14    0.020284   0.0315323  0.00178538
          15    0.028164   0.0313077  0.00168042
          16    0.030592    0.031263  0.00157599
          17     0.02416   0.0308452  0.00153767
          18    0.030572     0.03083  0.00145232
          19    0.023904   0.0304655  0.00142089
          20    0.035352   0.0307098  0.00137069
           1    0.026556    0.026556           0
           2    0.021328    0.023942  0.00184838
           3    0.033888   0.0272573  0.00297423
           4    0.029808    0.027895  0.00229802
           5    0.036268   0.0295696  0.00237133
           6    0.034756    0.030434  0.00212783
           7    0.028596   0.0301714  0.00183998
           8    0.021412   0.0290765  0.00190816
           9    0.029872   0.0291649  0.00169818
          10    0.028896    0.029138  0.00152858
          11     0.03844   0.0299836  0.00160659
          12    0.026956   0.0297313  0.00149239
          13    0.018276   0.0288502  0.00161694
          14    0.033004   0.0291469  0.00152842
          15     0.03002   0.0292051  0.00142764
          16    0.027252    0.029083  0.00134362
          17     0.02968   0.0291181  0.00126504
          18    0.031092   0.0292278   0.0011995
          19    0.020644    0.028776  0.00121848
          20      0.0328   0.0289772  0.00117405
           1    0.034236    0.034236           0
           2    0.028436    0.031336  0.00205061
           3     0.03592    0.032864  0.00185079
           4     0.03338    0.032993  0.00139258
           5    0.017008    0.029796  0.00306884
           6     0.02924   0.0297033  0.00255877
           7    0.026848   0.0292954   0.0022255
           8    0.030316    0.029423  0.00195097
           9    0.019636   0.0283356  0.00201459
          10    0.019044   0.0274064  0.00201605
          11    0.021144   0.0268371  0.00191146
          12    0.030484    0.027141  0.00177617
          13     0.03156   0.0274809  0.00167175
          14     0.02504   0.0273066  0.00156141
          15      0.0221   0.0269595   0.0014954
          16    0.035412   0.0274878  0.00149233
          17    0.029052   0.0275798  0.00140738
          18    0.023972   0.0273793  0.00134339
          19      0.0309   0.0275646   0.0012854
          20    0.028684   0.0276206  0.00122235
