           1     79.2263     79.2263           0
           2     78.4858      78.856    0.261822
           3     66.4592     74.7238      3.3785
           4     71.4932     73.9161     2.62863
           5     68.7646     72.8858     2.29596
           6     66.6872     71.8527     2.13311
           7     80.1201     73.0338      2.1304
           8     60.5372     71.4717     2.36853
           9     80.0674     72.4268     2.28983
          10     62.8774     71.4718     2.25118
          11     75.8773     71.8723     2.08185
          12     62.9374     71.1278     2.03716
          13     60.1088     70.2802     2.04922
          14     81.7387     71.0986     2.05982
          15     55.1246     70.0337     2.18048
          16     63.1547     69.6038     2.08615
          17     62.9806     69.2142     1.99949
          18     62.6032     68.8469     1.92184
          19     63.7584     68.5791     1.83926
          20      72.622     68.7812     1.75837
           1     48.7634     48.7634           0
           2     57.5779     53.1706     3.11639
           3     46.4368      50.926     2.77041
           4     42.0241     48.7005     2.83405
           5     43.6346     47.6873     2.44165
           6     51.6933      48.355     2.12403
           7      50.986     48.7309     1.85355
           8      48.109     48.6531     1.62349
           9     37.0804     47.3673     1.88474
          10     49.4513     47.5757     1.70775
          11     50.9578     47.8831     1.57993
          12     45.6527     47.6973     1.45917
          13     49.6973     47.8511     1.35501
          14     48.1221     47.8705     1.25836
          15      50.682     48.0579     1.18835
          16     51.1256     48.2496     1.12944
          17      51.756     48.4559     1.08167
          18     48.0181     48.4316     1.02185
          19     55.0105     48.7778     1.02506
          20     52.9452     48.9862    0.994756
           1      33.803      33.803           0
           2     26.1347     29.9689     2.71115
           3     34.9696     31.6358     2.26256
           4      33.028     31.9838     1.72349
           5     28.8783     31.3627      1.4865
           6     35.3883     32.0337     1.38189
           7     33.7796     32.2831     1.20678
           8     34.2686     32.5313     1.08115
           9     27.0136     31.9182     1.12146
          10     30.1967     31.7461     1.02244
          11     28.6924     31.4685     0.96644
          12     33.0102     31.5969    0.894403
          13     29.1269     31.4069    0.845543
          14     37.8419     31.8666    0.901463
          15     31.8416     31.8649    0.841367
          16     27.2654     31.5774    0.836451
          17     34.4779     31.7481    0.804461
          18     31.6904     31.7449    0.759775
          19     29.0513     31.6031    0.732893
          20     30.5742     31.5516    0.698052
           1     18.3757     18.3757           0
           2     22.1195     20.2476     1.32364
           3     19.2797     19.9249    0.920908
           4     20.4068     20.0454    0.698515
           5     18.7461     19.7855    0.605224
           6     19.8117     19.7899    0.504369
           7     20.1777     19.8453    0.435348
           8     21.3778     20.0369    0.420971
           9     22.8765     20.3524    0.478032
          10     20.2258     20.3397    0.430396
          11     22.2857     20.5166    0.426077
          12     19.5181     20.4334    0.398612
          13     20.4177     20.4322    0.367952
          14     20.9293     20.4677    0.343378
          15     20.2157     20.4509    0.320897
          16     21.2396     20.5002    0.304603
          17     20.0856     20.4758     0.28766
          18     24.2099     20.6833    0.338311
          19     19.9195     20.6431    0.322884
          20     23.3166     20.7768    0.333264
           1     14.6363     14.6363           0
           2     14.5409     14.5886   0.0337316
           3     13.5489     14.2421    0.283866
           4     15.0399     14.4415    0.274167
           5     15.5292     14.6591    0.293193
           6     13.4019     14.4495    0.310294
           7       13.27      14.281    0.308343
           8      13.775     14.2178    0.276212
           9     15.9655      14.412    0.306273
          10     14.6166     14.4324    0.276328
          11     13.0707     14.3086    0.277556
          12      15.827     14.4352    0.281794
          13     15.3523     14.5057    0.268803
          14     14.8024     14.5269    0.250437
          15     14.8539     14.5487    0.234688
          16      12.741     14.4357    0.245714
          17     12.4835     14.3209    0.256697
          18     13.5001     14.2753    0.246453
          19     13.7441     14.2473    0.235062
          20      14.814     14.2757     0.22501
           1     11.6101     11.6101           0
           2     12.1889     11.8995    0.204651
           3     11.4757     11.7582    0.178651
           4     10.4583     11.4332    0.311717
           5     9.78919     11.1044    0.385589
           6     11.6858     11.2013    0.333275
           7     12.6092     11.4024    0.340996
           8     11.4087     11.4032    0.298372
           9     10.7692     11.3328     0.27341
          10     11.0224     11.3017    0.247825
          11     11.1126     11.2845    0.225891
          12     9.74037     11.1559    0.240947
          13     11.4691       11.18    0.223614
          14     10.5178     11.1327    0.212585
          15      10.946     11.1202    0.198777
          16      10.916     11.1074    0.186763
          17     10.3074     11.0604     0.18161
          18     10.9265     11.0529    0.171673
          19     11.0374     11.0521    0.162639
          20      10.132     11.0061    0.160883
           1     8.21349     8.21349           0
           2     8.98766     8.60058    0.273712
           3      8.9816     8.72759    0.209883
           4     8.54249     8.68131    0.162434
           5     8.89409     8.72387    0.135407
           6     8.98217     8.76692    0.119487
           7     8.19653     8.68543    0.127202
           8     8.18635     8.62305    0.125673
           9     7.81121     8.53284    0.140398
          10     8.32078     8.51164     0.12795
          11     8.57481     8.51738    0.116447
          12     8.71221     8.53362    0.107869
          13     8.25305     8.51203    0.101707
          14     8.99279     8.54637    0.100072
          15     8.40573       8.537   0.0938385
          16     8.41983     8.52967   0.0882588
          17     9.27985      8.5738     0.09345
          18     8.57613     8.57393   0.0882584
          19     9.60406     8.62815   0.0988736
          20     8.26653     8.61007   0.0955689
           1     7.51688     7.51688           0
           2     6.51091     7.01389    0.355664
           3     7.16184     7.06321    0.240505
           4     6.51955      6.9273    0.215386
           5     6.82959     6.90776    0.173193
           6      6.1187     6.77625     0.18773
           7     6.77208     6.77565    0.160912
           8     7.27405     6.83795    0.152382
           9     6.92446     6.84756    0.135753
          10     7.36507     6.89931    0.131673
          11     6.76104     6.88674    0.120301
          12     6.81648     6.88089    0.110418
          13     6.91505     6.88352    0.101956
          14     6.88954     6.88395   0.0946743
          15     6.78237     6.87717   0.0886045
          16     7.01232     6.88562   0.0834684
          17     7.03239     6.89425   0.0790037
          18       7.235     6.91318   0.0768491
          19     6.82197     6.90838   0.0729543
          20     7.14844     6.92039    0.070287
           1     5.22169     5.22169           0
           2     5.73817     5.47993    0.182603
           3     5.29035     5.41674    0.132219
           4     5.47182     5.43051   0.0998785
           5     5.56226     5.45686   0.0833064
           6     5.37646     5.44346   0.0704913
           7     5.48814     5.44984   0.0607094
           8     5.50118     5.45626   0.0534588
           9     5.44232     5.45471   0.0475414
          10      5.7652     5.48576   0.0519462
          11     5.48918     5.48607   0.0472247
          12     5.78303     5.51082   0.0493491
          13      5.7496     5.52918   0.0488519
          14     5.71277      5.5423   0.0470896
          15     5.68936      5.5521   0.0449593
          16     5.39415     5.54223   0.0432196
          17     5.68535     5.55065   0.0414892
          18     5.45358     5.54526   0.0395331
          19     5.61236     5.54879   0.0376099
          20     5.33544     5.53812   0.0372115
           1     4.34099     4.34099           0
           2     4.37471     4.35785   0.0119226
           3     4.80184     4.50585    0.121101
           4      4.8657     4.59581    0.119664
           5     4.72233     4.62111   0.0983699
           6      4.8981     4.66728    0.092173
           7     4.67577     4.66849   0.0790134
           8     4.70647     4.67324   0.0692792
           9     4.82202     4.68977   0.0635232
          10     4.69388     4.69018   0.0571722
          11     4.54815     4.67727   0.0534127
          12     4.60439      4.6712   0.0493058
          13     4.71747     4.67476   0.0456413
          14     4.52198     4.66384   0.0436663
          15     4.62966     4.66156   0.0408146
          16     4.71861     4.66513   0.0384191
          17     4.51295     4.65618   0.0371874
          18     4.64561     4.65559   0.0351261
          19     4.50547     4.64769   0.0341544
          20     4.49774     4.64019   0.0332594
           1     3.60071     3.60071           0
           2     4.01163     3.80617    0.145282
           3      4.0792     3.89718    0.122076
           4      4.1335     3.95626    0.104884
           5      3.8552     3.93605   0.0858324
           6     4.05237     3.95543   0.0736841
           7     3.92741     3.95143   0.0632665
           8     4.11031     3.97129   0.0583922
           9     3.73963     3.94555   0.0572972
          10     4.11022     3.96202   0.0538816
          11     4.21523     3.98504   0.0536757
          12      4.0548     3.99085   0.0495165
          13     3.96963     3.98922   0.0457345
          14     3.91975     3.98426    0.042736
          15     3.82915     3.97392    0.041119
          16     3.79653     3.96283   0.0400158
          17     3.88769     3.95841   0.0379052
          18     4.06307     3.96422   0.0362426
          19     3.94296      3.9631   0.0343524
          20     3.87449     3.95867   0.0329193
           1     3.24599     3.24599           0
           2      3.2143     3.23015   0.0112018
           3     3.50359     3.32129    0.074795
           4      3.4227     3.34665     0.06024
           5     3.50165     3.37765   0.0555991
           6     3.39039     3.37977   0.0463731
           7     3.36243     3.37729   0.0398145
           8     3.49567     3.39209   0.0374868
           9     3.56673     3.41149   0.0380135
          10     3.43163     3.41351   0.0342654
          11     3.52327     3.42349   0.0325708
          12     3.66259     3.44341   0.0354307
          13     3.40584     3.44052   0.0328229
          14     3.37396     3.43577   0.0308209
          15     3.63133      3.4488   0.0314029
          16     3.30555     3.43985     0.03069
          17     3.27808     3.43034   0.0303241
          18      3.1879     3.41687   0.0314888
          19     3.45431     3.41884   0.0298931
          20     3.29147     3.41247   0.0290688
           1     2.98731     2.98731           0
           2     2.79079     2.88905   0.0694803
           3     2.82947     2.86919   0.0490762
           4     3.14092     2.93712   0.0693978
           5     2.99287     2.94827   0.0564067
           6     2.89021     2.93859   0.0478283
           7     2.94172     2.93904   0.0409978
           8     3.17409     2.96842   0.0451911
           9     2.90773     2.96168   0.0406699
          10      2.7634     2.94185   0.0411534
          11     3.06755     2.95328   0.0389664
          12     2.86885     2.94624   0.0363487
          13     3.06209     2.95515   0.0346279
          14     2.92972     2.95334   0.0322021
          15     2.99712     2.95626   0.0301873
          16     3.01643     2.96002   0.0285338
          17     2.93437     2.95851   0.0268952
          18     2.95539     2.95834   0.0254016
          19     2.72153     2.94587   0.0269494
          20     2.84431     2.94079    0.026076
           1      2.6785      2.6785           0
           2     2.67374     2.67612  0.00168361
           3     2.69342     2.68189  0.00483935
           4     2.63313      2.6697   0.0111628
           5     2.63012     2.66178   0.0113967
           6     2.61661     2.65425   0.0117235
           7     2.50152     2.63243   0.0225618
           8     2.66464     2.63646   0.0200976
           9      2.4883        2.62    0.023665
          10      2.4696     2.60496   0.0256359
          11      2.6615      2.6101   0.0238152
          12     2.48754     2.59988   0.0239204
          13     2.65081      2.6038   0.0223989
          14      2.6648     2.60816   0.0212184
          15     2.62933     2.60957   0.0198508
          16     2.49763     2.60257   0.0198047
          17     2.64881     2.60529   0.0188255
          18     2.71965     2.61165   0.0188211
          19     2.73419      2.6181   0.0189033
          20     2.67631     2.62101   0.0181809
           1      2.3208      2.3208           0
           2     2.31134     2.31607  0.00334276
           3     2.46226      2.3648   0.0398505
           4     2.23561      2.3325   0.0409345
           5     2.35941     2.33789   0.0330995
           6     2.41204     2.35025   0.0298011
           7     2.27677     2.33975   0.0273298
           8     2.39569     2.34674    0.024792
           9     2.22307       2.333   0.0255632
          10      2.3012     2.32982   0.0232038
          11     2.45088     2.34083   0.0235603
          12     2.38492      2.3445   0.0218816
          13     2.30477     2.34144   0.0204107
          14     2.44627     2.34893   0.0202796
          15      2.3482     2.34888   0.0189277
          16     2.26883     2.34388   0.0183941
          17     2.38146     2.34609   0.0174445
          18     2.45059      2.3519   0.0174146
          19      2.5161     2.36054   0.0185188
          20     2.23988     2.35451   0.0185496
           1       2.177       2.177           0
           2     2.20359      2.1903  0.00940388
           3     2.15037     2.17699   0.0125457
           4     2.16719     2.17454  0.00964547
           5     1.97775     2.13518   0.0360383
           6     2.08749     2.12723   0.0308959
           7     2.12747     2.12727   0.0264822
           8     2.05322     2.11801   0.0247365
           9     2.13665     2.12008   0.0220746
          10      2.0195     2.11002   0.0220398
          11     2.14158     2.11289    0.020222
          12     2.24364     2.12379   0.0212706
          13     2.08225     2.12059   0.0198729
          14      2.2196     2.12766   0.0196716
          15     2.10189     2.12595    0.018435
          16     2.07044     2.12248   0.0176062
          17     2.09727     2.12099   0.0166329
          18     2.11494     2.12066   0.0157122
          19     2.09849     2.11949   0.0149285
          20     2.11469     2.11925    0.014184
           1     1.96682     1.96682           0
           2     1.90403     1.93543   0.0222004
           3     1.86424      1.9117   0.0243812
           4     1.98222     1.92933    0.023822
           5     1.93401     1.93026    0.019076
           6     1.75725     1.90143   0.0307506
           7     1.87447     1.89758   0.0265978
           8      1.9303     1.90167   0.0235856
           9     1.84797      1.8957   0.0217064
          10     1.87221     1.89335   0.0196625
          11     1.91004     1.89487   0.0179334
          12     1.89089     1.89454    0.016442
          13      1.9214      1.8966   0.0153065
          14     1.91563     1.89796   0.0142734
          15     1.86003     1.89544    0.013544
          16     1.88829     1.89499   0.0127049
          17     1.91035     1.89589   0.0119896
          18     1.92219     1.89735   0.0114122
          19     1.88889     1.89691   0.0108202
          20     1.94976     1.89955    0.010597
           1     1.67167     1.67167           0
           2     1.77057     1.72112   0.0349665
           3     1.76448     1.73557   0.0261287
           4      1.7039     1.72765   0.0207619
           5     1.76955     1.73603   0.0182222
           6     1.73651     1.73611   0.0151853
           7     1.71382     1.73293   0.0133459
           8     1.73496     1.73318   0.0116801
           9      1.7538     1.73547   0.0106046
          10     1.78065     1.73999   0.0104623
          11     1.73936     1.73993  0.00951135
          12     1.79088     1.74418  0.00961971
          13     1.76685     1.74592  0.00903646
          14     1.70897     1.74328  0.00876793
          15     1.73623     1.74281  0.00819601
          16     1.76527     1.74422  0.00780304
          17     1.72657     1.74318  0.00741275
          18      1.7057      1.7411  0.00728754
          19     1.80154     1.74428  0.00756644
          20     1.70628     1.74238  0.00742276
           1     1.61739     1.61739           0
           2     1.62011     1.61875  0.00095928
           3      1.5051     1.58087   0.0309375
           4     1.63793     1.59513   0.0262873
           5     1.58493     1.59309   0.0211089
           6     1.57928     1.59079   0.0177159
           7     1.60288     1.59252    0.015269
           8     1.61419     1.59523   0.0135986
           9     1.65834     1.60224   0.0137776
          10     1.54377     1.59639    0.013584
          11     1.52638     1.59003   0.0137594
          12     1.64849      1.5949   0.0134476
          13     1.63461     1.59795   0.0127554
          14     1.58752     1.59721    0.011866
          15     1.54301      1.5936   0.0116121
          16     1.57305     1.59231   0.0109571
          17     1.61006     1.59336   0.0103622
          18     1.54464     1.59065   0.0101337
          19     1.66948      1.5948   0.0104151
          20     1.69788     1.59995   0.0110965
           1     1.47657     1.47657           0
           2     1.48229     1.47943  0.00202049
           3     1.45475      1.4712  0.00685125
           4      1.4559     1.46738  0.00611378
           5     1.43145     1.46019  0.00807615
           6     1.51476     1.46929   0.0106879
           7     1.50663     1.47462   0.0104078
           8     1.51919     1.48019   0.0104924
           9     1.49851     1.48223  0.00952184
          10     1.41838     1.47584   0.0104943
          11     1.43794      1.4724   0.0100902
          12     1.42681      1.4686  0.00993889
          13     1.46291     1.46816  0.00918397
          14     1.47831     1.46889  0.00855653
          15     1.50303     1.47116   0.0082833
          16     1.48243     1.47187   0.0077955
          17      1.4428     1.47016  0.00752211
          18     1.38569     1.46546  0.00844208
          19     1.40076     1.46206  0.00865745
          20      1.4912     1.46351  0.00834626
           1     1.39202     1.39202           0
           2     1.39171     1.39187 0.000107731
           3     1.35724     1.38032  0.00942494
           4     1.33877     1.36994   0.0114407
           5     1.31373     1.35869   0.0135965
           6     1.37124     1.36078     0.01149
           7     1.35201     1.35953  0.00991681
           8     1.40621     1.36537   0.0102513
           9     1.31855     1.36016    0.010348
          10     1.41818     1.36597   0.0108178
          11     1.35316      1.3648  0.00989679
          12     1.34248     1.36294  0.00924525
          13      1.3653     1.36312  0.00853585
          14     1.33999     1.36147  0.00808444
          15     1.35035     1.36073  0.00757936
          16     1.35713     1.36051  0.00710899
          17     1.36222     1.36061  0.00669153
          18     1.36491     1.36085  0.00632405
          19     1.31679     1.35853  0.00640218
          20     1.43222     1.36221  0.00706323
