           1   -0.978664   -0.978664           0
           2   -0.976936     -0.9778  0.00061094
           3   -0.971232   -0.975611   0.0018334
           4    -0.97344   -0.975068  0.00145314
           5    -0.97464   -0.974982  0.00116503
           6   -0.976208   -0.975187 0.000988605
           7   -0.975304   -0.975203 0.000847518
           8   -0.966896   -0.974165  0.00122208
           9   -0.977304   -0.974514  0.00113497
          10   -0.975392   -0.974602  0.00102487
          11   -0.972672   -0.974426 0.000946591
          12   -0.965752   -0.973703   0.0011099
          13   -0.973472   -0.973686  0.00102467
          14   -0.979968   -0.974134  0.00104513
          15   -0.975336   -0.974214 0.000978522
          16   -0.987824   -0.975065  0.00123283
          17   -0.971856   -0.974876  0.00117467
          18   -0.974088   -0.974832  0.00111023
          19   -0.974608   -0.974821  0.00105186
          20   -0.969872   -0.974573  0.00102795
           1   -0.939328   -0.939328           0
           2   -0.953216   -0.946272  0.00491015
           3   -0.938696   -0.943747  0.00386871
           4   -0.940808   -0.943012  0.00297047
           5   -0.938552    -0.94212  0.00250673
           6   -0.954904   -0.944251  0.00285426
           7   -0.949488   -0.944999  0.00254268
           8   -0.944984   -0.944997  0.00222484
           9   -0.937648    -0.94418   0.0021222
          10   -0.943232   -0.944086   0.0019121
          11   -0.943984   -0.944076  0.00173829
          12   -0.940232   -0.943756  0.00162269
          13   -0.963104   -0.945244  0.00207082
          14   -0.940888   -0.944933  0.00194614
          15    -0.94544   -0.944967  0.00181669
          16    -0.95008   -0.945286  0.00173102
          17   -0.945216   -0.945282   0.0016292
          18   -0.943648   -0.945192  0.00154122
          19   -0.950168   -0.945453  0.00148219
          20   -0.948944   -0.945628  0.00141832
           1   -0.914488   -0.914488           0
           2   -0.905704   -0.910096  0.00310561
           3   -0.916824   -0.912339  0.00276399
           4   -0.915704    -0.91318  0.00219731
           5   -0.910408   -0.912626  0.00182645
           6   -0.918032   -0.913527  0.00173009
           7    -0.91684      -0.914  0.00154633
           8   -0.916256   -0.914282  0.00137851
           9   -0.905944   -0.913356  0.00150479
          10    -0.91012   -0.913032  0.00138866
          11   -0.906496   -0.912438  0.00138371
          12   -0.912312   -0.912427  0.00126844
          13    -0.90904   -0.912167  0.00119733
          14   -0.926928   -0.913221  0.00150613
          15   -0.912408   -0.913167  0.00140669
          16   -0.911664   -0.913073  0.00132191
          17   -0.914592   -0.913162  0.00124716
          18   -0.910032   -0.912988  0.00118994
          19   -0.911024   -0.912885   0.0011318
          20   -0.908672   -0.912674  0.00109463
           1   -0.876888   -0.876888           0
           2   -0.881976   -0.879432  0.00179888
           3     -0.8758   -0.878221  0.00155414
           4   -0.877936    -0.87815  0.00116724
           5   -0.874096   -0.877339  0.00118232
           6   -0.877312   -0.877335 0.000985277
           7   -0.877832   -0.877406 0.000847081
           8   -0.877968   -0.877476 0.000744106
           9    -0.88236   -0.878019 0.000836213
          10   -0.878232    -0.87804 0.000752864
          11   -0.881672    -0.87837 0.000753354
          12   -0.875376   -0.878121 0.000730728
          13   -0.879648   -0.878238 0.000683898
          14   -0.880416   -0.878394   0.0006525
          15   -0.879104   -0.878441 0.000610716
          16   -0.879656   -0.878517 0.000577247
          17    -0.87428   -0.878268 0.000594668
          18   -0.884536   -0.878616 0.000655713
          19   -0.879264    -0.87865 0.000622088
          20   -0.887584   -0.879097 0.000734045
           1   -0.848112   -0.848112           0
           2   -0.847688     -0.8479 0.000149907
           3   -0.846928   -0.847576 0.000282792
           4   -0.847592    -0.84758 0.000212123
           5   -0.849608   -0.847986 0.000400508
           6     -0.8462   -0.847688 0.000430347
           7   -0.844376   -0.847215 0.000572667
           8   -0.848416   -0.847365 0.000520394
           9   -0.847992   -0.847435 0.000467212
          10   -0.847136   -0.847405 0.000421445
          11   -0.847256   -0.847391 0.000383349
          12   -0.850912   -0.847685 0.000449878
          13   -0.848784   -0.847769 0.000423146
          14   -0.848864   -0.847847 0.000400081
          15   -0.847344   -0.847814 0.000374814
          16     -0.8406   -0.847363 0.000560401
          17   -0.841672   -0.847028 0.000619406
          18   -0.845608   -0.846949 0.000589999
          19    -0.84744   -0.846975 0.000559511
          20   -0.845104   -0.846882 0.000539301
           1   -0.818384   -0.818384           0
           2    -0.81424   -0.816312  0.00146513
           3   -0.814112   -0.815579  0.00114567
           4   -0.816272   -0.815752 0.000872266
           5   -0.810688   -0.814739  0.00114348
           6   -0.814872   -0.814761 0.000953117
           7   -0.813904   -0.814639 0.000824789
           8   -0.816096   -0.814821 0.000741529
           9    -0.81404   -0.814734 0.000664195
          10   -0.810664   -0.814327 0.000711643
          11   -0.814864   -0.814376  0.00064862
          12   -0.811328   -0.814122 0.000642379
          13   -0.815224   -0.814207 0.000598532
          14   -0.811096   -0.813985 0.000595598
          15   -0.815568    -0.81409 0.000565169
          16   -0.815704   -0.814191 0.000538771
          17   -0.814808   -0.814227   0.0005083
          18       -0.82   -0.814548 0.000572361
          19    -0.81576   -0.814612  0.00054578
          20   -0.813712   -0.814567 0.000520342
           1    -0.78352    -0.78352           0
           2   -0.782616   -0.783068 0.000319612
           3   -0.784368   -0.783501 0.000413021
           4   -0.780392   -0.782724  0.00074104
           5    -0.78084   -0.782347 0.000681933
           6   -0.781376   -0.782185 0.000587174
           7   -0.782496    -0.78223 0.000504966
           8    -0.77784   -0.781681 0.000677258
           9   -0.780792   -0.781582 0.000609168
          10   -0.783776   -0.781802 0.000586424
          11   -0.786216   -0.782203 0.000656215
          12     -0.7804   -0.782053  0.00061849
          13   -0.782624   -0.782097 0.000572473
          14    -0.78384   -0.782221 0.000544958
          15    -0.78376   -0.782324 0.000518194
          16   -0.784856   -0.782482 0.000509403
          17   -0.787112   -0.782754 0.000547425
          18   -0.781176   -0.782667 0.000523988
          19   -0.791008   -0.783106 0.000654992
          20   -0.783256   -0.783113 0.000622286
           1   -0.751376   -0.751376           0
           2   -0.749592   -0.750484 0.000630739
           3    -0.75068   -0.750549 0.000423863
           4   -0.747816   -0.749866 0.000671764
           5    -0.74928   -0.749749  0.00054754
           6   -0.747368   -0.749352 0.000582583
           7   -0.748216    -0.74919  0.00052147
           8   -0.753424   -0.749719 0.000673293
           9   -0.750976   -0.749859 0.000612797
          10   -0.754344   -0.750307 0.000696588
          11   -0.746424   -0.749954 0.000717157
          12   -0.753832   -0.750277 0.000726561
          13   -0.749504   -0.750218 0.000673103
          14      -0.749   -0.750131  0.00063062
          15   -0.753184   -0.750334 0.000620558
          16   -0.746896   -0.750119 0.000617864
          17   -0.754504   -0.750377 0.000633064
          18   -0.754296   -0.750595 0.000634221
          19   -0.749872   -0.750557 0.000601982
          20    -0.75376   -0.750717 0.000592803
           1   -0.718784   -0.718784           0
           2   -0.717536    -0.71816 0.000441235
           3   -0.720944   -0.719088 0.000812804
           4    -0.72264   -0.719976 0.000981338
           5   -0.716784   -0.719338 0.000970762
           6   -0.722024   -0.719785 0.000906358
           7   -0.718264   -0.719568 0.000802512
           8   -0.723432   -0.720051 0.000834991
           9   -0.720024   -0.720048  0.00074222
          10   -0.719752   -0.720018 0.000668588
          11   -0.718856   -0.719913 0.000616101
          12    -0.72072    -0.71998  0.00056842
          13     -0.7206   -0.720028 0.000526693
          14   -0.721776   -0.720153 0.000503659
          15     -0.7182   -0.720022 0.000486612
          16   -0.720408   -0.720046 0.000456795
          17    -0.72044    -0.72007 0.000430511
          18   -0.721008   -0.720122 0.000409738
          19   -0.723624   -0.720306 0.000427629
          20   -0.719432   -0.720262 0.000408475
           1   -0.689328   -0.689328           0
           2   -0.686088   -0.687708  0.00114551
           3   -0.693408   -0.689608  0.00172912
           4   -0.696168   -0.691248  0.00192328
           5   -0.690256    -0.69105  0.00154882
           6   -0.691632   -0.691147  0.00129372
           7    -0.68836   -0.690749  0.00116855
           8    -0.68992   -0.690645  0.00102706
           9   -0.689984   -0.690572 0.000915566
          10   -0.692344   -0.690749 0.000840991
          11   -0.690368   -0.690714 0.000765249
          12   -0.693904    -0.69098 0.000746219
          13   -0.691336   -0.691007  0.00068932
          14   -0.690424   -0.690966 0.000641341
          15   -0.690072   -0.690906 0.000601346
          16   -0.690688   -0.690893 0.000563917
          17   -0.691344   -0.690919  0.00053137
          18   -0.690192   -0.690879 0.000503382
          19    -0.69164   -0.690919 0.000478481
          20    -0.69104   -0.690925 0.000454595
           1   -0.664528   -0.664528           0
           2   -0.662376   -0.663452 0.000760847
           3   -0.665152   -0.664019 0.000686555
           4     -0.6662   -0.664564 0.000698699
           5   -0.661344    -0.66392 0.000802636
           6   -0.664112   -0.663952 0.000669501
           7   -0.664576   -0.664041 0.000579762
           8   -0.665056   -0.664168 0.000520986
           9   -0.662608   -0.663995 0.000491087
          10   -0.669624   -0.664558 0.000693217
          11    -0.66484   -0.664583 0.000630672
          12   -0.663904   -0.664527 0.000580651
          13   -0.665552   -0.664606 0.000541316
          14   -0.660528   -0.664314 0.000575696
          15   -0.660344    -0.66405 0.000595061
          16   -0.663632   -0.664023 0.000558441
          17    -0.66208   -0.663909 0.000537167
          18   -0.666656   -0.664062 0.000528556
          19   -0.660496   -0.663874 0.000533015
          20    -0.66204   -0.663782 0.000514192
           1      -0.637      -0.637           0
           2   -0.637384   -0.637192 0.000135765
           3       -0.64   -0.638128 0.000769582
           4   -0.639376    -0.63844 0.000637301
           5   -0.639696   -0.638691 0.000557152
           6   -0.633224    -0.63778 0.000952614
           7   -0.638144   -0.637832 0.000817944
           8   -0.640888   -0.638214 0.000799945
           9   -0.637704   -0.638157 0.000713066
          10   -0.637344   -0.638076 0.000646381
          11   -0.638184   -0.638086 0.000587694
          12   -0.639616   -0.638213  0.00055238
          13   -0.638992   -0.638273 0.000513127
          14    -0.64068   -0.638445 0.000504451
          15    -0.64216   -0.638693 0.000528126
          16   -0.638768   -0.638698 0.000495139
          17   -0.631368   -0.638266 0.000626196
          18   -0.636232   -0.638153  0.00060152
          19      -0.639   -0.638198  0.00057151
          20   -0.633056   -0.637941 0.000597972
           1   -0.613648   -0.613648           0
           2   -0.612784   -0.613216  0.00030547
           3   -0.612888   -0.613107 0.000222354
           4   -0.616128   -0.613862 0.000675061
           5   -0.613424   -0.613774 0.000545703
           6   -0.613944   -0.613803 0.000455484
           7   -0.613568   -0.613769 0.000391646
           8   -0.617728   -0.614264 0.000575943
           9   -0.613256   -0.614152 0.000522726
          10   -0.611984   -0.613935 0.000513447
          11    -0.61308   -0.613857  0.00047262
          12    -0.61268   -0.613759 0.000443303
          13   -0.614592   -0.613823 0.000413804
          14   -0.611576   -0.613663 0.000414215
          15   -0.612856   -0.613609 0.000390078
          16   -0.617152   -0.613831 0.000423914
          17   -0.612936   -0.613778  0.00040223
          18   -0.612232   -0.613692 0.000388945
          19   -0.612296   -0.613619 0.000375349
          20   -0.613216   -0.613598 0.000357121
           1   -0.586744   -0.586744           0
           2   -0.592696    -0.58972  0.00210435
           3   -0.589184   -0.589541  0.00141046
           4   -0.592016    -0.59016  0.00118579
           5   -0.588808    -0.58989 0.000978979
           6   -0.591952   -0.590233  0.00087408
           7   -0.586656   -0.589722 0.000886102
           8   -0.591816   -0.589984 0.000813071
           9    -0.58772   -0.589732 0.000760649
          10    -0.58896   -0.589655 0.000688495
          11   -0.591208   -0.589796 0.000640213
          12   -0.591256   -0.589918 0.000598305
          13   -0.590576   -0.589969 0.000554418
          14   -0.589208   -0.589914 0.000517472
          15    -0.58932   -0.589875 0.000484488
          16   -0.588944   -0.589816 0.000457686
          17   -0.589704    -0.58981 0.000430811
          18   -0.587728   -0.589694 0.000422118
          19    -0.59164   -0.589797 0.000412136
          20    -0.59324   -0.589969 0.000425976
           1   -0.571664   -0.571664           0
           2   -0.569696    -0.57068 0.000695793
           3   -0.571312   -0.570891 0.000494727
           4   -0.568664   -0.570334 0.000608344
           5   -0.567472   -0.569762 0.000706376
           6   -0.569736   -0.569757 0.000588659
           7   -0.566816   -0.569337 0.000637121
           8    -0.57016    -0.56944 0.000565723
           9   -0.566584   -0.569123 0.000585136
          10    -0.56544   -0.568754 0.000631973
          11   -0.571784    -0.56903 0.000631691
          12   -0.569016   -0.569029 0.000579051
          13   -0.568168   -0.568962  0.00053828
          14    -0.56976   -0.569019 0.000502837
          15   -0.570616   -0.569126 0.000480447
          16    -0.56984    -0.56917 0.000452488
          17   -0.568264   -0.569117 0.000429001
          18   -0.570664   -0.569203 0.000413685
          19   -0.569624   -0.569225 0.000392505
          20   -0.566536   -0.569091 0.000395241
           1   -0.550304   -0.550304           0
           2   -0.548776    -0.54954  0.00054023
           3   -0.548936   -0.549339 0.000395896
           4   -0.550232   -0.549562  0.00035436
           5   -0.549128   -0.549475 0.000293927
           6   -0.544328   -0.548617 0.000820533
           7   -0.547192   -0.548414  0.00072814
           8   -0.548816   -0.548464 0.000638857
           9   -0.548296   -0.548445 0.000568145
          10   -0.547272   -0.548328 0.000523306
          11   -0.546072   -0.548123 0.000514354
          12   -0.547616   -0.548081 0.000473223
          13   -0.548536   -0.548116 0.000438115
          14    -0.54956   -0.548219 0.000418792
          15    -0.54892   -0.548266 0.000393472
          16   -0.551056    -0.54844 0.000405693
          17   -0.549776   -0.548519 0.000389366
          18   -0.546752    -0.54842 0.000379903
          19   -0.547752   -0.548385 0.000361533
          20   -0.549784   -0.548455 0.000350156
           1   -0.529968   -0.529968           0
           2   -0.529576   -0.529772 0.000138593
           3   -0.528792   -0.529445 0.000282272
           4   -0.528424    -0.52919 0.000306129
           5   -0.529872   -0.529326 0.000273608
           6   -0.528528   -0.529193 0.000258346
           7   -0.526888   -0.528864 0.000376831
           8   -0.528016   -0.528758 0.000344313
           9   -0.530168   -0.528915 0.000339835
          10   -0.528224   -0.528846 0.000312791
          11   -0.528496   -0.528814 0.000285965
          12   -0.528096   -0.528754 0.000268318
          13     -0.5292   -0.528788 0.000249862
          14   -0.526456   -0.528622 0.000282138
          15   -0.525864   -0.528438  0.00031763
          16    -0.52868   -0.528453 0.000298138
          17   -0.525608   -0.528286 0.000324186
          18    -0.53184   -0.528483 0.000361344
          19   -0.528656   -0.528492  0.00034244
          20   -0.530968   -0.528616 0.000346972
           1   -0.507136   -0.507136           0
           2   -0.510616   -0.508876  0.00123037
           3   -0.512192   -0.509981  0.00121955
           4   -0.508512   -0.509614 0.000968406
           5   -0.509616   -0.509614 0.000774725
           6   -0.512752   -0.510137 0.000802924
           7   -0.509624   -0.510064 0.000691562
           8   -0.509912   -0.510045 0.000605377
           9   -0.510744   -0.510123 0.000543073
          10    -0.50824   -0.509934 0.000520376
          11   -0.508232    -0.50978 0.000495549
          12   -0.511016   -0.509883 0.000464841
          13    -0.51132   -0.509993 0.000442037
          14   -0.508392   -0.509879 0.000425002
          15   -0.508576   -0.509792 0.000405447
          16   -0.512128   -0.509938 0.000405543
          17   -0.507752   -0.509809 0.000401556
          18    -0.50632   -0.509616 0.000423463
          19   -0.511496   -0.509715 0.000412579
          20    -0.50984   -0.509721 0.000391998
           1   -0.492168   -0.492168           0
           2    -0.49188   -0.492024 0.000101823
           3   -0.490144   -0.491397 0.000516154
           4   -0.497496   -0.492922  0.00137598
           5    -0.49588   -0.493514  0.00122136
           6   -0.493856   -0.493571  0.00101913
           7   -0.492392   -0.493402 0.000887341
           8   -0.495024   -0.493605 0.000799243
           9   -0.494664   -0.493723 0.000719048
          10   -0.493456   -0.493696 0.000647637
          11   -0.492912   -0.493625  0.00059267
          12   -0.491944   -0.493485 0.000559586
          13    -0.49576    -0.49366 0.000543224
          14   -0.496584   -0.493869 0.000543098
          15   -0.495824   -0.493999 0.000522303
          16   -0.491712   -0.493856 0.000508841
          17   -0.491616   -0.493724 0.000495676
          18   -0.494856   -0.493787 0.000472109
          19   -0.497856   -0.494001 0.000493447
          20    -0.49564   -0.494083 0.000475529
           1   -0.475728   -0.475728           0
           2   -0.477512    -0.47662 0.000630739
           3   -0.476664   -0.476635 0.000420663
           4   -0.476464   -0.476592 0.000317654
           5   -0.479512   -0.477176 0.000580882
           6   -0.480144   -0.477671 0.000661993
           7   -0.478544   -0.477795  0.00057906
           8   -0.480448   -0.478127  0.00059407
           9   -0.477328   -0.478038 0.000534654
          10    -0.47584   -0.477818 0.000524435
          11    -0.47764   -0.477802  0.00047701
          12   -0.475312   -0.477595 0.000480281
          13   -0.474576   -0.477362 0.000496305
          14   -0.479184   -0.477493 0.000477605
          15   -0.479432   -0.477622 0.000462935
          16   -0.476792    -0.47757 0.000436897
          17    -0.47588   -0.477471 0.000422356
          18   -0.477232   -0.477457   0.0003991
          19   -0.476416   -0.477403 0.000381839
          20    -0.48028   -0.477546 0.000388909
           1   -0.463064   -0.463064           0
           2   -0.459208   -0.461136   0.0013633
           3   -0.458416   -0.460229  0.00117221
           4   -0.461368   -0.460514 0.000913067
           5    -0.46236   -0.460883 0.000801629
           6     -0.4646   -0.461503 0.000875236
           7     -0.4616   -0.461517 0.000750313
           8     -0.4638   -0.461802 0.000708738
           9   -0.462272   -0.461854  0.00063191
          10   -0.463664   -0.462035  0.00059407
          11   -0.462736   -0.462099 0.000543469
          12   -0.461168   -0.462021 0.000503686
          13    -0.46212   -0.462029 0.000464998
          14    -0.46456    -0.46221 0.000465605
          15    -0.46076   -0.462113 0.000444483
          16   -0.461112    -0.46205 0.000421083
          17     -0.4628   -0.462095 0.000398615
          18   -0.460688   -0.462016 0.000384053
          19   -0.460832   -0.461954 0.000368864
          20   -0.464992   -0.462106 0.000380412
