           1    0.270811    0.270811           0
           2     0.30257    0.286691   0.0112286
           3    0.345968     0.30645   0.0177854
           4    0.340449     0.31495   0.0152354
           5     0.31451    0.314862   0.0121885
           6    0.297156    0.311911   0.0105083
           7    0.322054     0.31336  0.00910644
           8    0.377561    0.321385   0.0109473
           9    0.290322    0.317934   0.0102606
          10    0.311273    0.317268  0.00925614
          11    0.346764    0.319949  0.00879451
          12    0.386599    0.325503  0.00965753
          13    0.343861    0.326915   0.0090173
          14     0.25536    0.321804  0.00971432
          15    0.307777    0.320869   0.0091116
          16    0.184877     0.31237   0.0118615
          17    0.340271    0.314011   0.0112767
          18    0.316402    0.314144    0.010651
          19    0.351305      0.3161   0.0102684
          20    0.345309     0.31756  0.00985833
           1    0.454731    0.454731           0
           2    0.396446    0.425588   0.0206069
           3    0.439492    0.430223   0.0142496
           4     0.35564    0.411577    0.019364
           5    0.397717    0.408805   0.0156884
           6    0.413803    0.409638   0.0130957
           7    0.381275    0.405586   0.0118352
           8    0.403956    0.405382   0.0103575
           9    0.448059    0.410124   0.0102347
          10    0.423796    0.411491  0.00930214
          11    0.437203    0.413829  0.00874524
          12    0.426578    0.414891  0.00808075
          13    0.346974    0.409667  0.00899076
          14    0.417659    0.410238  0.00836667
          15     0.39322    0.409103  0.00788544
          16    0.440595    0.411071  0.00763428
          17    0.451266    0.413436  0.00754245
          18    0.451045    0.415525  0.00740717
          19    0.406595    0.415055  0.00703221
          20    0.411633    0.414884  0.00668268
           1    0.438345    0.438345           0
           2    0.442748    0.440547  0.00155674
           3    0.462712    0.447935   0.0061211
           4    0.409006    0.438203   0.0095975
           5    0.417874    0.434137  0.00849567
           6    0.457464    0.438025  0.00791947
           7    0.430307    0.436922  0.00686443
           8    0.445659    0.438014  0.00609264
           9    0.399776    0.433766  0.00673612
          10    0.423269    0.432716  0.00614374
          11     0.45058     0.43434  0.00579589
          12    0.438127    0.434656  0.00532148
          13    0.420984    0.433604  0.00501497
          14    0.456483    0.435238  0.00491583
          15    0.412246    0.433705  0.00482115
          16    0.406224    0.431988  0.00481608
          17    0.446281    0.432829  0.00460559
          18    0.438135    0.433123  0.00435915
          19    0.441268    0.433552  0.00415074
          20    0.426224    0.433186  0.00395934
           1    0.443137    0.443137           0
           2     0.44186    0.442498 0.000451339
           3    0.437388    0.440795  0.00142311
           4    0.446332    0.442179  0.00160501
           5    0.433315    0.440406  0.00204036
           6    0.423767    0.437633  0.00304953
           7    0.402943    0.432677  0.00528043
           8    0.431246    0.432498  0.00462341
           9    0.463862    0.435983   0.0052616
          10    0.444613    0.436846  0.00480569
          11    0.444523    0.437544  0.00441919
          12    0.439589    0.437715  0.00405421
          13    0.432114    0.437284  0.00376517
          14    0.431257    0.436853  0.00352075
          15    0.456888    0.438189  0.00353031
          16    0.459997    0.439552  0.00356309
          17    0.444842    0.439863  0.00336706
          18    0.436987    0.439703  0.00318379
          19    0.423673     0.43886  0.00312602
          20    0.449423    0.439388  0.00301401
           1    0.456459    0.456459           0
           2    0.428032    0.442246   0.0100503
           3     0.43725    0.440581  0.00683677
           4    0.436447    0.439547  0.00520509
           5    0.462538    0.444145  0.00585269
           6    0.413847    0.439096  0.00671099
           7    0.428554     0.43759  0.00591884
           8    0.432466    0.436949  0.00521351
           9     0.46746    0.440339  0.00562955
          10    0.429522    0.439258  0.00516948
          11    0.422537    0.437737  0.00491794
          12    0.458798    0.439492  0.00481108
          13    0.451772    0.440437  0.00453277
          14    0.417162    0.438775  0.00450358
          15    0.450586    0.439562  0.00427163
          16    0.424522    0.438622  0.00410678
          17    0.440732    0.438746  0.00386708
          18    0.395193    0.436326  0.00434375
          19    0.429376    0.435961  0.00413051
          20    0.459765    0.437151  0.00409187
           1    0.438687    0.438687           0
           2    0.433054     0.43587  0.00199135
           3    0.427774    0.433172  0.00257254
           4    0.411367    0.427721  0.00509984
           5    0.443518     0.43088  0.00496297
           6    0.450494    0.434149  0.00509998
           7    0.465437    0.438619  0.00601941
           8    0.437987     0.43854   0.0052675
           9    0.442869    0.439021  0.00470414
          10    0.443468    0.439465  0.00425469
          11      0.4368    0.439223  0.00387479
          12    0.443852    0.439609  0.00357104
          13     0.41369    0.437615   0.0038125
          14    0.444526    0.438109  0.00357199
          15    0.439748    0.438218  0.00333553
          16    0.416733    0.436875  0.00338658
          17    0.446605    0.437448  0.00323537
          18    0.420509    0.436506  0.00318955
          19    0.446544    0.437035  0.00306512
          20     0.44547    0.437457  0.00294074
           1    0.439513    0.439513           0
           2    0.454269    0.446891  0.00521706
           3    0.425066    0.439616  0.00688337
           4    0.442549    0.440349  0.00520143
           5    0.440816    0.440443  0.00416198
           6    0.447966    0.441697  0.00365232
           7    0.418084    0.438323  0.00442197
           8    0.431467    0.437466  0.00395141
           9    0.417313    0.435227  0.00409804
          10    0.431893    0.434893  0.00370177
          11    0.425667    0.434055  0.00345898
          12    0.424767    0.433281  0.00325618
          13    0.435776    0.433473  0.00301135
          14    0.450303    0.434675  0.00302673
          15    0.430516    0.434398  0.00283761
          16    0.426749     0.43392  0.00270023
          17    0.419757    0.433086  0.00266681
          18    0.417625    0.432228  0.00265338
          19    0.433912    0.432316  0.00251521
          20    0.416264    0.431514  0.00251425
           1    0.445717    0.445717           0
           2    0.413247    0.429482   0.0114798
           3    0.406106     0.42169  0.00995235
           4    0.417977    0.420762  0.00750742
           5    0.427157    0.422041  0.00611393
           6    0.413489    0.420616  0.00525846
           7    0.431409    0.422157  0.00472791
           8    0.438244    0.424168  0.00454445
           9    0.405968    0.422146  0.00446684
          10    0.417489     0.42168  0.00404435
          11    0.431013    0.422529  0.00376462
          12    0.423171    0.422582  0.00345128
          13    0.411058    0.421696  0.00329768
          14    0.423731    0.421841  0.00306534
          15    0.409826     0.42104  0.00296379
          16     0.41885    0.420903  0.00278172
          17    0.400944    0.419729  0.00285512
          18    0.407473    0.419048  0.00277651
          19    0.418242    0.419006   0.0026307
          20    0.425961    0.419353  0.00252205
           1    0.388117    0.388117           0
           2    0.398559    0.393338  0.00369167
           3    0.396128    0.394268  0.00257561
           4    0.399527    0.395583  0.00224226
           5    0.378918     0.39225  0.00347918
           6    0.383249     0.39075  0.00320648
           7    0.387842    0.390334  0.00277518
           8    0.393669    0.390751  0.00245938
           9    0.402936    0.392105  0.00253145
          10    0.404414    0.393336  0.00256013
          11    0.400025    0.393944  0.00239853
          12    0.390167    0.393629  0.00221921
          13    0.405671    0.394556  0.00223347
          14    0.385192    0.393887  0.00217177
          15    0.403595    0.394534  0.00212123
          16     0.39362    0.394477  0.00198943
          17    0.394147    0.394457  0.00187249
          18    0.400989     0.39482  0.00180329
          19    0.394353    0.394796  0.00170855
          20    0.392291    0.394671   0.0016277
           1    0.379331    0.379331           0
           2    0.364057    0.371694   0.0053999
           3     0.36976    0.371049  0.00363823
           4    0.381753    0.373725  0.00357997
           5    0.389288    0.376838   0.0039941
           6    0.381568    0.377626  0.00340534
           7    0.369637    0.376485  0.00310426
           8    0.380958    0.377044  0.00276612
           9    0.373634    0.376665  0.00248459
          10    0.371609    0.376159  0.00228698
          11    0.373814    0.375946  0.00208899
          12    0.376547    0.375996  0.00191551
          13    0.380215    0.376321  0.00179544
          14    0.371431    0.375972  0.00170083
          15    0.372063    0.375711  0.00160728
          16    0.387152    0.376426  0.00165828
          17     0.36716    0.375881  0.00164789
          18    0.382846    0.376268  0.00160112
          19    0.379684    0.376448  0.00152691
          20    0.379737    0.376612   0.0014594
           1    0.348856    0.348856           0
           2    0.349096    0.348976 8.48235e-05
           3    0.354212    0.350721  0.00142641
           4    0.359822    0.352996  0.00224209
           5    0.360493    0.354496  0.00223952
           6    0.349913    0.353732  0.00199227
           7    0.352876     0.35361  0.00171141
           8    0.363378    0.354831  0.00188335
           9    0.351096    0.354416  0.00171919
          10    0.356655     0.35464  0.00156178
          11    0.369621    0.356002  0.00192408
          12    0.360022    0.356337  0.00179267
          13    0.354915    0.356227   0.0016581
          14    0.355114    0.356148  0.00154157
          15    0.347982    0.355603   0.0015319
          16    0.349008    0.355191  0.00149059
          17    0.347305    0.354727  0.00147333
          18    0.349548    0.354439   0.0014193
          19    0.354747    0.354456  0.00134469
          20    0.357192    0.354592   0.0012844
           1    0.339169    0.339169           0
           2    0.337627    0.338398 0.000545381
           3    0.344383    0.340393   0.0016691
           4    0.342987    0.341042  0.00137202
           5    0.346021    0.342037  0.00141359
           6    0.343841    0.342338  0.00120954
           7    0.344322    0.342621  0.00106943
           8    0.341044    0.342424 0.000953765
           9     0.34128    0.342297 0.000856217
          10     0.32694    0.340761  0.00164818
          11    0.337363    0.340452  0.00152703
          12    0.333807    0.339899  0.00149682
          13    0.331413    0.339246  0.00151734
          14    0.351333    0.340109  0.00163625
          15     0.34199    0.340235  0.00153196
          16     0.33519    0.339919   0.0014683
          17    0.342881    0.340094  0.00139223
          18    0.337381    0.339943  0.00132301
          19    0.333382    0.339598  0.00129766
          20    0.340349    0.339635  0.00123332
           1    0.311885    0.311885           0
           2    0.320892    0.316389  0.00318448
           3    0.311893     0.31489  0.00245028
           4     0.31663    0.315325  0.00187591
           5    0.315958    0.315452  0.00150499
           6    0.305815    0.313846  0.00192935
           7    0.316773    0.314264  0.00169845
           8    0.314758    0.314326  0.00148727
           9    0.326734    0.315704  0.00185398
          10    0.326851    0.316819  0.00197543
          11    0.316468    0.316787  0.00179611
          12    0.320682    0.317112   0.0016755
          13    0.328707    0.318004  0.00176816
          14    0.312353      0.3176   0.0016873
          15    0.320012    0.317761  0.00158246
          16    0.309981    0.317275  0.00155647
          17    0.318294    0.317335  0.00146607
          18    0.323285    0.317665  0.00142141
          19    0.311817    0.317357  0.00137952
          20    0.314401     0.31721  0.00131844
           1    0.308648    0.308648           0
           2    0.299105    0.303876  0.00337386
           3    0.301423    0.303059  0.00234629
           4    0.292527    0.300426  0.00288024
           5    0.298717    0.300084  0.00232437
           6     0.29971    0.300022  0.00193781
           7    0.308167    0.301185  0.00197979
           8    0.294997    0.300412  0.00187736
           9    0.304484    0.300864  0.00172243
          10    0.298074    0.300585  0.00157263
          11    0.290789    0.299695  0.00166283
          12    0.301604    0.299854  0.00153185
          13    0.301129    0.299952  0.00141716
          14    0.293889    0.299519  0.00138051
          15    0.301034     0.29962  0.00129217
          16    0.292948    0.299203  0.00127693
          17    0.302602    0.299403  0.00121736
          18    0.306239    0.299783  0.00120753
          19    0.298431    0.299711  0.00114607
          20    0.294104    0.299431  0.00112254
           1    0.288891    0.288891           0
           2    0.279324    0.284108  0.00338266
           3    0.276859    0.281691  0.00299623
           4    0.278573    0.280912  0.00234643
           5    0.292346    0.283199  0.00277618
           6    0.279894    0.282648   0.0023675
           7    0.278902    0.282113  0.00208889
           8    0.278999    0.281723  0.00186369
           9    0.274251    0.280893  0.00183223
          10    0.279013    0.280705  0.00165863
          11     0.28521    0.281115  0.00155758
          12    0.278363    0.280885  0.00144456
          13    0.288177    0.281446   0.0014382
          14    0.288648    0.281961  0.00142451
          15    0.272328    0.281318  0.00146715
          16    0.286271    0.281628  0.00140773
          17    0.280472     0.28156  0.00132657
          18    0.278141     0.28137   0.0012664
          19    0.285267    0.281575  0.00121623
          20     0.27493    0.281243  0.00119994
           1    0.270955    0.270955           0
           2    0.262158    0.266557   0.0031103
           3    0.262977    0.265363  0.00229102
           4    0.261719    0.264452  0.00189079
           5    0.266644    0.264891   0.0015626
           6    0.271502    0.265992  0.00164546
           7    0.271811    0.266824  0.00160665
           8    0.271361    0.267391  0.00150259
           9    0.271208    0.267815  0.00139421
          10    0.258713    0.266905  0.00152319
          11    0.261719    0.266433  0.00145586
          12    0.263288    0.266171  0.00135793
          13    0.260213    0.265713  0.00132857
          14    0.262455     0.26548  0.00125388
          15    0.270581     0.26582  0.00121552
          16    0.255927    0.265202  0.00128723
          17    0.265812    0.265238  0.00121201
          18     0.26408    0.265173  0.00114639
          19    0.261848    0.264998  0.00109933
          20    0.263367    0.264917  0.00104738
           1    0.247504    0.247504           0
           2    0.252542    0.250023  0.00178111
           3    0.256047    0.252031  0.00202421
           4    0.249247    0.251335  0.00163345
           5    0.244725    0.250013  0.00176233
           6    0.248187    0.249709  0.00149467
           7    0.250274    0.249789  0.00128332
           8    0.253715     0.25028  0.00121308
           9    0.249085    0.250147  0.00108554
          10    0.250046    0.250137 0.000977033
          11    0.243435    0.249528  0.00106133
          12    0.250592    0.249617  0.00097658
          13    0.256507    0.250147  0.00103534
          14    0.252389    0.250307 0.000973694
          15    0.245584    0.249992 0.000958342
          16    0.250411    0.250018 0.000898804
          17    0.253474    0.250221 0.000868617
          18    0.247573    0.250074 0.000832726
          19    0.247684    0.249948 0.000798347
          20    0.256964    0.250299 0.000831926
           1    0.233741    0.233741           0
           2    0.231262    0.232502 0.000876285
           3    0.233307     0.23277 0.000623985
           4    0.237462    0.233943   0.0011184
           5    0.244731    0.236101  0.00212717
           6    0.236143    0.236108  0.00177266
           7    0.236619    0.236181  0.00152092
           8    0.236428    0.236212  0.00133112
           9    0.231442    0.235682  0.00128437
          10    0.232466     0.23536  0.00119551
          11    0.238059    0.235606  0.00111173
          12    0.235868    0.235627   0.0010193
          13    0.237761    0.235792 0.000954018
          14    0.232045    0.235524 0.000922645
          15    0.237749    0.235672  0.00087298
          16    0.232905    0.235499 0.000835372
          17    0.234179    0.235422 0.000789833
          18    0.234128     0.23535 0.000749214
          19    0.235372    0.235351 0.000709783
          20    0.238202    0.235494 0.000688464
           1    0.219635    0.219635           0
           2    0.219886     0.21976 8.86638e-05
           3    0.216761     0.21876 0.000818607
           4    0.215176    0.217864  0.00098962
           5    0.218694     0.21803 0.000805481
           6    0.226361    0.219419  0.00143426
           7    0.224361    0.220125  0.00139232
           8    0.223082    0.220494  0.00126641
           9    0.228979    0.221437  0.00143429
          10    0.225679    0.221861  0.00135214
          11    0.218614    0.221566  0.00126102
          12    0.218835    0.221338  0.00117629
          13    0.218637    0.221131  0.00110401
          14    0.222212    0.221208  0.00102785
          15    0.221282    0.221213 0.000959342
          16     0.21525     0.22084 0.000969068
          17    0.219902    0.220785 0.000913635
          18     0.22078    0.220785 0.000862877
          19    0.223535    0.220929  0.00082952
          20    0.223591    0.221063  0.00079865
           1    0.207663    0.207663           0
           2    0.208222    0.207943 0.000197975
           3    0.208346    0.208077 0.000171666
           4    0.204286    0.207129 0.000830831
           5    0.204952    0.206694 0.000770346
           6    0.209204    0.207112 0.000746958
           7    0.210937    0.207659 0.000815997
           8    0.214003    0.208452   0.0010296
           9    0.207381    0.208333 0.000922047
          10    0.211665    0.208666 0.000888018
          11    0.213378    0.209094 0.000904719
          12    0.205453    0.208791 0.000878727
          13    0.206648    0.208626 0.000826444
          14    0.214964    0.209079 0.000882731
          15    0.206454    0.208904  0.00084105
          16       0.211    0.209035 0.000798621
          17    0.208681    0.209014 0.000751913
          18    0.207805    0.208947 0.000713131
          19    0.208944    0.208947 0.000675598
          20    0.215179    0.209258 0.000710054
           1    0.196863    0.196863           0
           2     0.19754    0.197201 0.000239536
           3    0.199489    0.197964 0.000642662
           4    0.196669     0.19764 0.000557635
           5     0.19443    0.196998 0.000727096
           6    0.192763    0.196292  0.00088443
           7    0.198744    0.196643  0.00082452
           8    0.195535    0.196504 0.000732976
           9    0.195031    0.196341  0.00066955
          10    0.196568    0.196363 0.000602982
          11    0.198626    0.196569 0.000582208
          12    0.200495    0.196896  0.00061882
          13    0.196948      0.1969 0.000571231
          14    0.194652     0.19674 0.000552538
          15    0.196717    0.196738 0.000515705
          16    0.194853     0.19662 0.000496755
          17     0.19787    0.196694 0.000472943
          18    0.196074    0.196659  0.00044792
          19    0.192095    0.196419 0.000484492
          20    0.196832     0.19644 0.000460708
