1 7.55651 7.55651 0
2 7.55403 7.55527 0.00124114
3 7.65359 7.58804 0.0327802
4 7.60265 7.59169 0.0234649
5 7.66488 7.60633 0.0233364
6 7.63505 7.61112 0.0196461
7 7.54447 7.6016 0.0191401
8 7.45155 7.58284 0.0250309
9 7.62752 7.5878 0.0226265
10 7.61892 7.59092 0.0204755
11 7.63569 7.59499 0.0189628
12 7.64326 7.59901 0.0177718
13 7.61817 7.60048 0.016414
14 7.584 7.59931 0.0152419
15 7.60973 7.6 0.0142065
16 7.62418 7.60151 0.0133746
17 7.6559 7.60471 0.0129642
18 7.56289 7.60239 0.0124416
19 7.58989 7.60173 0.011787
20 7.6321 7.60325 0.0112848
21 7.50678 7.59865 0.0116756
22 7.46002 7.59235 0.0127922
23 7.56739 7.59127 0.0122714
24 7.62994 7.59288 0.011859
25 7.57269 7.59207 0.0114034
26 7.57047 7.59124 0.0109875
27 7.57388 7.5906 0.0105923
28 7.69689 7.59439 0.01089
29 7.60793 7.59486 0.0105182
30 7.55951 7.59368 0.0102296
31 7.42021 7.58809 0.011367
32 7.46061 7.5841 0.0117047
33 7.61743 7.58511 0.0113894
34 7.59173 7.58531 0.011051
35 7.51781 7.58338 0.0109026
36 7.62501 7.58453 0.0106583
37 7.68635 7.58729 0.0107253
38 7.65117 7.58897 0.0105737
39 7.5671 7.58841 0.0103143
40 7.62682 7.58937 0.0100989
41 7.50659 7.58735 0.0100543
42 7.62013 7.58813 0.00984299
43 7.73769 7.59161 0.0102213
44 7.43409 7.58803 0.0106086
45 7.51824 7.58648 0.0104855
46 7.60728 7.58693 0.010265
47 7.55354 7.58622 0.0100693
48 7.72205 7.58905 0.0102554
49 7.57894 7.58884 0.0100461
50 7.47368 7.58654 0.010109
51 7.59412 7.58669 0.00990987
52 7.70273 7.58892 0.00997039
53 7.54169 7.58803 0.00982096
54 7.61263 7.58848 0.00964814
55 7.48992 7.58669 0.00963913
56 7.63405 7.58754 0.00950314
57 7.65811 7.58878 0.00941669
58 7.56879 7.58843 0.00925933
59 7.65165 7.5895 0.00916389
60 7.45949 7.58734 0.00926676
61 7.62858 7.58801 0.00913862
62 7.64832 7.58898 0.00904248
63 7.57846 7.58882 0.00889936
64 7.58745 7.5888 0.00875923
65 7.61346 7.58918 0.00863176
66 7.59353 7.58924 0.00850023
67 7.60051 7.58941 0.00837409
68 7.61549 7.58979 0.00825893
69 7.50858 7.58862 0.00822303
70 7.58826 7.58861 0.00810471
71 7.63216 7.58922 0.00801325
72 7.58555 7.58917 0.00790134
73 7.54681 7.58859 0.00781393
74 7.71787 7.59034 0.00790311
75 7.59394 7.59039 0.00779717
76 7.61901 7.59076 0.0077031
77 7.55827 7.59034 0.00761411
78 7.58873 7.59032 0.00751589
79 7.63842 7.59093 0.00744507
80 7.55987 7.59054 0.00736166
81 7.45726 7.5889 0.00745409
82 7.58571 7.58886 0.00736273
83 7.5679 7.58861 0.00727786
84 7.61758 7.58895 0.00719897
85 7.5823 7.58887 0.0071142
86 7.70345 7.5902 0.00715612
87 7.6258 7.59061 0.00708521
88 7.48912 7.58946 0.00709855
89 7.66909 7.59036 0.00707513
90 7.59162 7.59037 0.00699609
91 7.616 7.59065 0.00692452
92 7.55671 7.59028 0.00685877
93 7.66226 7.59106 0.00682862
94 7.49218 7.59 0.00683698
95 7.55728 7.58966 0.00677339
96 7.5661 7.58941 0.00670695
97 7.48914 7.58838 0.00671747
98 7.59488 7.58845 0.0066489
99 7.60366 7.5886 0.00658319
100 7.61581 7.58887 0.0065227
