0 0 0
0.0230664 0 0
0.0461329 0 0
0.0691993 0 0
0.0922657 0 0
0.115332 0 0
0.138399 0 0
0.161465 0 0
0.184531 0 0
0.207598 0 0
0.230664 0 0
0.253731 0 0
0.276797 0 0
0.299864 0 0
0.32293 0 0
0.345996 0 0
0.369063 0 0
0.392129 0 0
0.415196 0 0
0.438262 0 0
0.461329 0 0
0.484395 0 0
0.507461 0 0
0.530528 0 0
0.553594 0 0
0.576661 0 0
0.599727 0 0
0.622794 0 0
0.64586 0 0
0.668926 0 0
0.691993 0 0
0.715059 0 0
0.738126 0 0
0.761192 0 0
0.784259 0 0
0.807325 0 0
0.830391 0 0
0.853458 0 0
0.876524 7.06949e-05 1.24251e-05
0.899591 0.00338393 8.30313e-05
0.922657 0.0469212 0.000351295
0.945724 0.293106 0.000867421
0.96879 1.00547 0.00184455
0.991856 2.23835 0.00243154
1.01492 3.62731 0.00234287
1.03799 4.61799 0.00216174
1.06106 4.89817 0.00341637
1.08412 4.49193 0.00349175
1.10719 3.66012 0.00305274
1.13026 2.69631 0.00186552
1.15332 1.81728 0.00130752
1.17639 1.13101 0.00131851
1.19945 0.653718 0.00133372
1.22252 0.351945 0.00104209
1.24559 0.177871 0.000831741
1.26865 0.0880331 0.000638062
1.29172 0.0491718 0.000487458
1.31479 0.0420295 0.00046878
1.33785 0.060188 0.000513242
1.36092 0.105649 0.000625824
1.38399 0.183508 0.000722162
1.40705 0.299963 0.000721476
1.43012 0.453531 0.000650903
1.45319 0.628956 0.000671513
1.47625 0.796298 0.000924772
1.49932 0.922673 0.00134885
1.52238 0.970933 0.00149319
1.54545 0.930269 0.00127795
1.56852 0.81093 0.000999658
1.59158 0.640348 0.000633485
1.61465 0.465904 0.000534479
1.63772 0.315914 0.00064062
1.66078 0.218193 0.000810495
1.68385 0.191319 0.000965381
1.70692 0.254367 0.00118294
1.72998 0.432843 0.00127221
1.75305 0.748762 0.00126934
1.77612 1.19788 0.00109178
1.79918 1.72877 0.000875888
1.82225 2.23435 0.00140486
1.84531 2.59713 0.00198421
1.86838 2.71474 0.00255877
1.89145 2.55991 0.00230029
1.91451 2.18204 0.00186493
1.93758 1.69035 0.00103263
1.96065 1.20149 0.00077935
1.98371 0.800583 0.00111425
2.00678 0.541369 0.00144455
2.02985 0.433069 0.00139635
2.05291 0.459805 0.00119417
2.07598 0.586459 0.000910234
2.09905 0.75769 0.000529053
2.12211 0.918187 0.000690021
2.14518 1.01556 0.000846047
2.16824 1.0219 0.00107812
2.19131 0.921268 0.000836783
2.21438 0.780959 0.000526756
2.23744 0.653587 0.000767329
2.26051 0.57065 0.0010587
2.28358 0.572004 0.00141009
