1 -7.55331 -7.55331 0
2 -7.55374 -7.55353 0.000215283
3 -7.53539 -7.54748 0.00604575
4 -7.5446 -7.54676 0.00433527
5 -7.53232 -7.54387 0.00442939
6 -7.5396 -7.54316 0.00368593
7 -7.55559 -7.54494 0.00358529
8 -7.57151 -7.54826 0.00454678
9 -7.54024 -7.54737 0.00410765
10 -7.54157 -7.54679 0.0037194
11 -7.53844 -7.54603 0.00344887
12 -7.53725 -7.5453 0.0032322
13 -7.54195 -7.54504 0.00298433
14 -7.54905 -7.54533 0.00277773
15 -7.54471 -7.54528 0.00258625
16 -7.54039 -7.54498 0.00243851
17 -7.53605 -7.54445 0.00234999
18 -7.55135 -7.54484 0.00224847
19 -7.54698 -7.54495 0.00212981
20 -7.53926 -7.54466 0.00204044
21 -7.56274 -7.54553 0.00212305
22 -7.57074 -7.54667 0.0023262
23 -7.55098 -7.54686 0.00223062
24 -7.5394 -7.54655 0.00215816
25 -7.55096 -7.54672 0.00207754
26 -7.5506 -7.54687 0.00200159
27 -7.55046 -7.54701 0.00193061
28 -7.5278 -7.54632 0.00198275
29 -7.54357 -7.54623 0.00191551
30 -7.55218 -7.54642 0.00186117
31 -7.57732 -7.54742 0.00205758
32 -7.57024 -7.54813 0.00211605
33 -7.54235 -7.54796 0.00205839
34 -7.54719 -7.54794 0.00199706
35 -7.56138 -7.54832 0.00197684
36 -7.53984 -7.54808 0.00193552
37 -7.52979 -7.54759 0.0019463
38 -7.53582 -7.54728 0.00191955
39 -7.55124 -7.54738 0.00187244
40 -7.54083 -7.54722 0.00183237
41 -7.56296 -7.5476 0.00182789
42 -7.5427 -7.54749 0.00178766
43 -7.52052 -7.54686 0.00185479
44 -7.5763 -7.54753 0.00193173
45 -7.55955 -7.54779 0.00190711
46 -7.54357 -7.5477 0.00186745
47 -7.55492 -7.54786 0.00183372
48 -7.52355 -7.54735 0.00186514
49 -7.54839 -7.54737 0.0018268
50 -7.56828 -7.54779 0.0018381
51 -7.54738 -7.54778 0.00180171
52 -7.52646 -7.54737 0.00181367
53 -7.55629 -7.54754 0.00178707
54 -7.54391 -7.54747 0.00175495
55 -7.5658 -7.54781 0.00175469
56 -7.54027 -7.54767 0.00172832
57 -7.53506 -7.54745 0.00171208
58 -7.55187 -7.54753 0.00168402
59 -7.53507 -7.54731 0.00166864
60 -7.57025 -7.5477 0.00168454
61 -7.53986 -7.54757 0.00166167
62 -7.53698 -7.5474 0.00164354
63 -7.54864 -7.54742 0.00161737
64 -7.54664 -7.54741 0.00159194
65 -7.54399 -7.54735 0.00156814
66 -7.5473 -7.54735 0.0015442
67 -7.54477 -7.54731 0.00152146
68 -7.54196 -7.54723 0.00150099
69 -7.56302 -7.54746 0.00149666
70 -7.54737 -7.54746 0.00147512
71 -7.54008 -7.54736 0.00145791
72 -7.54814 -7.54737 0.00143756
73 -7.55505 -7.54747 0.00142163
74 -7.52453 -7.54716 0.00143616
75 -7.54567 -7.54714 0.00141702
76 -7.54293 -7.54709 0.00139935
77 -7.55304 -7.54717 0.00138322
78 -7.54741 -7.54717 0.00136537
79 -7.53762 -7.54705 0.00135339
80 -7.55248 -7.54712 0.00133809
81 -7.57085 -7.54741 0.00135355
82 -7.54805 -7.54742 0.00133697
83 -7.55063 -7.54746 0.00132133
84 -7.54291 -7.5474 0.00130663
85 -7.54848 -7.54741 0.00129123
86 -7.5263 -7.54717 0.00129952
87 -7.541 -7.5471 0.00128645
88 -7.56604 -7.54731 0.00128984
89 -7.53395 -7.54716 0.00128408
90 -7.54741 -7.54717 0.00126973
91 -7.54188 -7.54711 0.00125705
92 -7.55302 -7.54717 0.00124497
93 -7.53458 -7.54704 0.00123893
94 -7.56469 -7.54722 0.00123999
95 -7.55197 -7.54727 0.00122788
96 -7.55263 -7.54733 0.00121631
97 -7.56541 -7.54752 0.00121804
98 -7.5457 -7.5475 0.00120569
99 -7.54422 -7.54746 0.00119391
100 -7.54317 -7.54742 0.00118269
