1.01498 0
1.01495 2.76219e-05
1.01527 0.000313765
1.01138 0.00389018
1.01121 0.00301818
1.01163 0.00249963
1.00785 0.00432941
1.0064 0.00402055
1.00557 0.00364013
1.00692 0.0035241
1.00559 0.00345556
1.00536 0.00316272
1.00573 0.00293313
1.00558 0.0027202
1.00554 0.0025326
1.00539 0.00237387
1.00562 0.00224159
1.0054 0.00212516
1.00463 0.00215154
1.00431 0.00206569
1.00304 0.00233793
1.00261 0.00227133
1.00173 0.00234267
1.00156 0.00224905
1.00145 0.00216026
1.00058 0.00224852
1.00083 0.00217837
1.00026 0.00217598
1.00044 0.00210704
1.00081 0.00206964
1.00012 0.00211875
1.00012 0.00205147
1.00006 0.00198922
1.00011 0.00193054
1.00015 0.001875
0.999109 0.00209798
0.999393 0.00206016
0.999227 0.00201207
0.999111 0.0019632
0.999759 0.00202023
0.999529 0.00198372
0.999566 0.00193625
0.99973 0.00189777
0.999519 0.00186603
0.999554 0.00182443
0.999147 0.00183009
0.998854 0.00181455
0.999158 0.0018021
0.999496 0.001797
0.999746 0.00177838
1.0001 0.00177873
0.99984 0.00176341
0.999456 0.00177195
0.999305 0.00174538
0.999235 0.00171479
0.998902 0.00171643
0.998931 0.00168628
0.998789 0.00166304
0.999006 0.00164899
0.998919 0.00162359
0.998883 0.00159717
0.998662 0.00158663
0.998837 0.00157107
0.998897 0.0015475
0.998834 0.00152483
0.999091 0.0015234
0.999504 0.00155617
0.999926 0.00159032
1.00018 0.00158753
0.999916 0.00158675
1.00015 0.00158159
0.999841 0.00158976
0.999801 0.00156833
0.999808 0.00154701
0.999855 0.00152696
0.999917 0.00150801
0.999596 0.00152256
0.999515 0.00150509
0.999543 0.00148617
0.999561 0.00146759
0.999722 0.00145825
0.999734 0.00144041
0.999407 0.00145998
0.999455 0.00144328
0.999609 0.00143448
0.999617 0.00141773
0.999849 0.00142031
0.999968 0.00140913
0.999912 0.00139433
0.999898 0.00137882
0.999665 0.00138337
0.99967 0.00136826
0.999528 0.00136093
0.999594 0.001348
0.999745 0.00134228
0.999828 0.00133082
0.999615 0.00133409
0.999708 0.00132368
0.999651 0.00131152
0.999748 0.00130198
