0.939043 0
0.944726 0.00568346
0.937151 0.00825534
0.95618 0.019904
0.95565 0.0154266
0.954496 0.0126486
0.968606 0.0177026
0.973533 0.016103
0.977131 0.0146503
0.972095 0.0140379
0.977411 0.0137654
0.978105 0.0125852
0.976682 0.0116638
0.977976 0.0108758
0.977732 0.0101278
0.978609 0.00951415
0.977253 0.00903919
0.978199 0.00857447
0.980779 0.00851118
0.982461 0.0082478
0.987092 0.0091102
0.988503 0.00879997
0.991089 0.00879746
0.991365 0.00842746
0.992091 0.00811579
0.995717 0.00859939
0.995126 0.00829584
0.997232 0.00826695
0.996667 0.0079968
0.994922 0.00792027
0.997606 0.00811694
0.997903 0.00786483
0.998153 0.00762686
0.997927 0.00740258
0.997764 0.00718981
1.00113 0.00775564
1.00015 0.00760617
1.00119 0.00747536
1.00193 0.00731904
0.999651 0.00748968
1.00022 0.00732715
1.00021 0.00715057
0.999592 0.00700997
1.00047 0.00690477
1.00044 0.00674966
1.00214 0.00681673
1.00284 0.00670732
1.00163 0.0066775
1.00055 0.00662855
0.999706 0.00654893
0.998255 0.00658118
0.999495 0.00657147
1.00073 0.00656321
1.00126 0.00646222
1.00163 0.00635441
1.00304 0.00639809
1.00275 0.00629167
1.00296 0.00618569
1.00221 0.00612529
1.00271 0.00604298
1.00269 0.00594314
1.00356 0.0059119
1.00297 0.00584716
1.0026 0.00576735
1.00299 0.00569135
1.0021 0.00567412
1.00072 0.00575618
0.999132 0.00588995
0.998279 0.00586639
0.999214 0.00585717
0.998346 0.00583895
0.999479 0.00586761
0.999736 0.00579239
0.99961 0.00571497
0.999557 0.00563851
0.999428 0.0055653
1.00063 0.00562315
1.00106 0.00556711
1.00107 0.0054962
1.001 0.0054276
1.00045 0.00538769
1.00055 0.00532255
1.00162 0.00536477
1.00128 0.00531125
1.00084 0.00526714
1.00073 0.00520662
0.999944 0.00520615
0.999548 0.00516187
0.999609 0.00510391
0.999671 0.00504726
1.00044 0.00505045
1.00038 0.00499561
1.00078 0.00495783
1.00059 0.0049087
0.999908 0.0049038
0.999468 0.00487243
1.00026 0.00488591
0.999965 0.00484451
1.00006 0.00479634
0.999628 0.00476803
