1 1.15214 1.15214 0
2 1.38876 1.27045 0.118314
3 1.30868 1.28319 0.0694873
4 1.36128 1.30271 0.0528708
5 1.45766 1.3337 0.0513567
6 1.33122 1.33329 0.0419346
7 1.24407 1.32054 0.0376636
8 1.40838 1.33152 0.0344159
9 1.52351 1.35285 0.0370983
10 1.34186 1.35175 0.0331999
11 1.3771 1.35406 0.0301187
12 1.39008 1.35706 0.0276579
13 1.31066 1.35349 0.0256907
14 1.28506 1.3486 0.024282
15 1.44875 1.35528 0.0235707
16 1.42988 1.35994 0.0225359
17 1.42065 1.36351 0.0214679
18 1.24599 1.35698 0.0212671
19 1.39886 1.35919 0.020237
20 1.50531 1.36649 0.0205417
21 1.4871 1.37224 0.0203657
22 1.39635 1.37333 0.0194488
23 1.43712 1.37611 0.0187898
24 1.30531 1.37316 0.0182301
25 1.41616 1.37488 0.0175701
26 1.37141 1.37474 0.0168814
27 1.26202 1.37057 0.016772
28 1.54073 1.37665 0.0172668
29 1.5611 1.38301 0.0178336
30 1.15276 1.37533 0.0188611
31 1.38546 1.37566 0.0182454
32 1.30309 1.37339 0.017811
33 1.39092 1.37392 0.017271
34 1.54696 1.37901 0.0175112
35 1.34177 1.37795 0.0170368
36 1.30734 1.37599 0.0166726
37 1.42663 1.37736 0.0162734
38 1.37947 1.37741 0.0158395
39 1.3749 1.37735 0.0154281
40 1.31423 1.37577 0.01512
41 1.50765 1.37899 0.0150933
42 1.3293 1.3778 0.014777
43 1.56109 1.38206 0.0150457
44 1.29444 1.38007 0.014834
45 1.32328 1.37881 0.0145554
46 1.54136 1.38234 0.0146675
47 1.52937 1.38547 0.014689
48 1.53049 1.38849 0.0146937
49 1.38951 1.38852 0.0143907
50 1.35063 1.38776 0.0141203
51 1.32368 1.3865 0.0138976
52 1.36299 1.38605 0.0136352
53 1.43942 1.38706 0.0134133
54 1.33301 1.38605 0.0132006
55 1.48048 1.38777 0.0130716
56 1.35079 1.38711 0.012853
57 1.33507 1.3862 0.0126585
58 1.38687 1.38621 0.0124383
59 1.47924 1.38779 0.0123269
60 1.39962 1.38798 0.0121214
61 1.64136 1.39214 0.0126239
62 1.43209 1.39278 0.0124353
63 1.32606 1.39172 0.0122821
64 1.31815 1.39057 0.0121432
65 1.46758 1.39176 0.0120135
66 1.36647 1.39138 0.0118363
67 1.34854 1.39074 0.0116758
68 1.43642 1.39141 0.0115224
69 1.3665 1.39105 0.0113599
70 1.42841 1.39158 0.0112092
71 1.3306 1.39072 0.0110835
72 1.29208 1.38935 0.011014
73 1.37425 1.38914 0.0108641
74 1.43512 1.38977 0.0107342
75 1.42644 1.39025 0.0106014
76 1.40582 1.39046 0.010463
77 1.26019 1.38877 0.0104639
78 1.37105 1.38854 0.0103314
79 1.32106 1.38769 0.0102355
80 1.52081 1.38935 0.0102428
81 1.38091 1.38925 0.0101161
82 1.31153 1.3883 0.0100368
83 1.29125 1.38713 0.00998384
84 1.52736 1.3888 0.0100045
85 1.30781 1.38785 0.00993195
86 1.40971 1.3881 0.00981908
87 1.34093 1.38756 0.00972069
88 1.44848 1.38825 0.00963449
89 1.45282 1.38898 0.00955322
90 1.5693 1.39098 0.00965662
91 1.37367 1.39079 0.00955181
92 1.39097 1.39079 0.00944741
93 1.28712 1.38968 0.00941153
94 1.40472 1.38984 0.00931225
95 1.34481 1.38936 0.00922589
96 1.41565 1.38964 0.00913338
97 1.3307 1.38903 0.00905914
98 1.36222 1.38875 0.00897039
99 1.50288 1.38991 0.00895384
100 1.3755 1.38976 0.00886502
