1 -5.50853 -5.50853 0
2 -5.46558 -5.48705 0.0214761
3 -5.4716 -5.4819 0.0134264
4 -5.47469 -5.4801 0.00966343
5 -5.45995 -5.47607 0.00850157
6 -5.47801 -5.47639 0.00694905
7 -5.50059 -5.47985 0.00681483
8 -5.46269 -5.4777 0.00627963
9 -5.44627 -5.47421 0.00654724
10 -5.46468 -5.47326 0.00593317
11 -5.45684 -5.47177 0.00557054
12 -5.47152 -5.47174 0.00508523
13 -5.47778 -5.47221 0.00470068
14 -5.47656 -5.47252 0.00436307
15 -5.45027 -5.47104 0.00432426
16 -5.46379 -5.47058 0.00407027
17 -5.45518 -5.46968 0.00392927
18 -5.50533 -5.47166 0.00420071
19 -5.46526 -5.47132 0.0039877
20 -5.44775 -5.47014 0.00396236
21 -5.44899 -5.46914 0.00390123
22 -5.47806 -5.46954 0.00374176
23 -5.46967 -5.46955 0.00357538
24 -5.48088 -5.47002 0.00345559
25 -5.45841 -5.46955 0.00334687
26 -5.46926 -5.46954 0.00321559
27 -5.49383 -5.47044 0.00322234
28 -5.43408 -5.46914 0.00336579
29 -5.43422 -5.46794 0.00346373
30 -5.50792 -5.46927 0.00360195
31 -5.46475 -5.46913 0.00348687
32 -5.47781 -5.4694 0.00338703
33 -5.46587 -5.46929 0.00328452
34 -5.44 -5.46843 0.00330086
35 -5.47831 -5.46871 0.00321756
36 -5.47472 -5.46888 0.00313135
37 -5.46261 -5.46871 0.00305026
38 -5.46401 -5.46859 0.00297148
39 -5.47528 -5.46876 0.00289936
40 -5.47425 -5.46889 0.00282928
41 -5.45479 -5.46855 0.00278078
42 -5.47337 -5.46867 0.00271619
43 -5.42802 -5.46772 0.00281566
44 -5.48928 -5.46821 0.00279422
45 -5.47046 -5.46826 0.00273188
46 -5.43897 -5.46762 0.00274667
47 -5.44522 -5.46715 0.00272955
48 -5.42799 -5.46633 0.00279381
49 -5.46954 -5.4664 0.00273699
50 -5.47764 -5.46662 0.00269109
51 -5.48736 -5.46703 0.00266895
52 -5.47047 -5.46709 0.00261796
53 -5.45528 -5.46687 0.00257774
54 -5.46679 -5.46687 0.00252956
55 -5.4478 -5.46652 0.00250722
56 -5.47466 -5.46667 0.00246633
57 -5.47103 -5.46674 0.00242388
58 -5.47121 -5.46682 0.00238296
59 -5.4499 -5.46653 0.00235973
60 -5.46491 -5.46651 0.00232022
61 -5.4181 -5.46571 0.00241594
62 -5.45375 -5.46552 0.00238447
63 -5.47797 -5.46572 0.00235462
64 -5.47834 -5.46592 0.00232591
65 -5.44959 -5.46566 0.00230359
66 -5.47127 -5.46575 0.00227
67 -5.46581 -5.46575 0.00223587
68 -5.45497 -5.46559 0.00220844
69 -5.47202 -5.46569 0.00217819
70 -5.45685 -5.46556 0.00215056
71 -5.46639 -5.46557 0.00212009
72 -5.48294 -5.46581 0.00210431
73 -5.46887 -5.46585 0.00207571
74 -5.4659 -5.46585 0.00204746
75 -5.45096 -5.46566 0.00202972
76 -5.45705 -5.46554 0.00200603
77 -5.48661 -5.46582 0.00199861
78 -5.46387 -5.46579 0.00197298
79 -5.48324 -5.46601 0.00196033
80 -5.44156 -5.46571 0.00195965
81 -5.46972 -5.46576 0.00193594
82 -5.47902 -5.46592 0.00191902
83 -5.48982 -5.46621 0.0019175
84 -5.43706 -5.46586 0.00192604
85 -5.49004 -5.46614 0.00192439
86 -5.4561 -5.46603 0.00190546
87 -5.47635 -5.46615 0.00188716
88 -5.45802 -5.46605 0.00186788
89 -5.45317 -5.46591 0.00185243
90 -5.43835 -5.4656 0.00185715
91 -5.46536 -5.4656 0.00183663
92 -5.46001 -5.46554 0.00181757
93 -5.48924 -5.46579 0.0018159
94 -5.46471 -5.46578 0.00179651
95 -5.47751 -5.46591 0.00178179
96 -5.46448 -5.46589 0.00176319
97 -5.47278 -5.46596 0.00174636
98 -5.4739 -5.46604 0.00173035
99 -5.44549 -5.46583 0.00172531
100 -5.46899 -5.46587 0.00170826
