0 0 0
0.0256496 0 0
0.0512993 0 0
0.0769489 0 0
0.102599 0 0
0.128248 0 0
0.153898 0 0
0.179547 0 0
0.205197 0 0
0.230847 0 0
0.256496 0 0
0.282146 0 0
0.307796 0 0
0.333445 0 0
0.359095 0 0
0.384745 0 0
0.410394 0 0
0.436044 0 0
0.461694 0 0
0.487343 0 0
0.512993 0 0
0.538642 0 0
0.564292 0 0
0.589942 0 0
0.615591 0 0
0.641241 0 0
0.666891 0 0
0.69254 0 0
0.71819 0 0
0.74384 0 0
0.769489 0 0
0.795139 0 0
0.820788 0 0
0.846438 9.72614e-06 4.68799e-06
0.872088 0.00125269 5.17323e-05
0.897737 0.02404 0.000244729
0.923387 0.165178 0.000828056
0.949037 0.564506 0.00191563
0.974686 1.19659 0.00235366
1.00034 1.86403 0.00247901
1.02599 2.33459 0.00259853
1.05164 2.54997 0.00252565
1.07728 2.55207 0.0024065
1.10293 2.40595 0.00219059
1.12858 2.20268 0.00225986
1.15423 1.97388 0.00214103
1.17988 1.75705 0.00199227
1.20553 1.56194 0.00206577
1.23118 1.38929 0.00196074
1.25683 1.24527 0.00156225
1.28248 1.12541 0.00162239
1.30813 1.02355 0.0013995
1.33378 0.94058 0.00115647
1.35943 0.873328 0.00109104
1.38508 0.817312 0.00106406
1.41073 0.774656 0.000984398
1.43638 0.738302 0.0010826
1.46203 0.710954 0.000980257
1.48768 0.691796 0.000961284
1.51333 0.67905 0.00107723
1.53898 0.670853 0.00105309
1.56463 0.670939 0.00102829
1.59028 0.674871 0.00100408
1.61593 0.685006 0.00107283
1.64158 0.700503 0.000978646
1.66723 0.722542 0.000974662
1.69288 0.749395 0.00106563
1.71853 0.779903 0.00103151
1.74418 0.814829 0.000979347
1.76983 0.852891 0.00109169
1.79547 0.893464 0.00109601
1.82112 0.935024 0.0011016
1.84677 0.976421 0.00121169
1.87242 1.01692 0.00109068
1.89807 1.05788 0.00107846
1.92372 1.09444 0.00109819
1.94937 1.13082 0.00103122
1.97502 1.16079 0.000945547
2.00067 1.18649 0.000937366
2.02632 1.20348 0.000868476
2.05197 1.21376 0.000968543
2.07762 1.21514 0.000958247
2.10327 1.2075 0.00100934
2.12892 1.19484 0.00107341
2.15457 1.17714 0.000960338
2.18022 1.1512 0.00100985
2.20587 1.12476 0.0010097
2.23152 1.09681 0.0010106
2.25717 1.0676 0.00101324
2.28282 1.04055 0.000904254
2.30847 1.01322 0.000873029
2.33412 0.989189 0.000776838
2.35977 0.966935 0.00084512
2.38542 0.948528 0.000745925
2.41107 0.931583 0.000887819
2.43672 0.91835 0.000920094
2.46237 0.909123 0.000827485
2.48802 0.895862 0.000813589
2.51366 0.885347 0.000769621
2.53931 0.885051 0.000829102
