0.488171   0.491611   -0.49976
-0.340139   -0.347589   -0.46952
0.478716   -0.322364   -0.329476
-0.318316   0.490835   -0.325316
-0.175896   -0.486984   -0.494432
-0.0175845   -0.321149   0.486052
-0.157359   -0.31884   -0.332122
0.00458321   0.499426   -0.340907
0.175747   0.482745   0.486279
0.322562   -0.334485   0.496575
0.171377   -0.342634   -0.339533
0.323982   -0.491104   -0.336007
0.479598   -0.181485   -0.499705
-0.335266   0.00189046   -0.497297
-0.474543   -0.0183284   -0.327581
-0.342958   -0.182495   -0.326908
-0.182994   -0.161559   -0.478303
0.0166864   0.0150215   0.477406
-0.160583   0.00708848   -0.343242
0.0044686   -0.170207   -0.355328
0.161341   -0.174383   -0.498511
0.337898   0.00574112   -0.49119
0.155395   -0.00462415   -0.34201
0.321524   -0.157434   -0.338866
0.492769   0.15612   -0.489526
-0.328566   0.347533   0.492669
0.490422   0.34135   -0.340667
-0.328319   0.194768   -0.348738
-0.147715   0.172477   0.489735
0.00313679   0.320272   0.499681
-0.163823   0.340407   -0.350694
-0.0221714   0.169275   -0.322881
0.170599   0.172861   -0.489356
0.344645   0.322037   0.495181
0.176385   0.35184   -0.330396
0.337341   0.14667   -0.312437
0.493319   -0.498297   -0.180134
-0.337392   -0.328475   -0.160504
0.487202   -0.348135   0.00250861
-0.319443   0.489953   -0.00280886
-0.155954   -0.472237   -0.167582
0.0226587   -0.340488   -0.149376
-0.171546   -0.328311   0.0190978
0.00134826   0.494458   0.000592092
0.170958   -0.495015   -0.152185
0.330691   -0.327711   -0.179978
0.164603   -0.315119   0.0156711
0.340943   0.485556   -0.0101228
-0.494422   -0.152376   -0.172659
-0.327851   0.00417748   -0.178188
-0.499002   0.0374674   0.00526171
-0.323338   -0.16738   0.00425221
-0.162741   -0.150945   -0.175815
-0.0120437   0.0148805   -0.178279
-0.159618   0.000177821   -0.00866791
-0.00613021   -0.154169   -0.018127
0.16125   -0.170959   -0.16833
0.334501   -0.012964   -0.160779
0.168382   -0.012922   0.0320164
0.348378   -0.157828   0.00174779
-0.47991   0.173479   -0.18802
-0.325398   0.350947   -0.165938
0.495402   0.302319   -0.024482
-0.326716   0.156025   -0.00315039
-0.165544   0.187134   -0.153729
0.00937084   0.324635   -0.157706
-0.155228   0.336265   0.0115892
0.000454853   0.155715   0.000527363
0.168683   0.178138   -0.168533
0.337311   0.336062   -0.169363
0.165171   0.325877   0.00130835
0.325738   0.174411   -6.21549e-05
0.49576   0.488075   0.166165
-0.338242   -0.355966   0.161337
0.488174   -0.353555   0.342329
-0.342016   0.49352   0.331643
-0.165769   0.499593   0.161429
-0.00635553   -0.322192   0.177417
-0.188266   -0.340587   0.326508
0.00469155   0.491992   0.34144
0.158489   -0.486802   0.182705
0.32847   -0.324999   0.174799
0.163261   -0.327147   0.342782
0.325675   0.485666   0.339346
-0.488561   -0.191343   0.16323
-0.314706   0.00398148   0.170351
0.49677   -0.0157334   0.33892
-0.331451   -0.178076   0.333582
-0.176812   -0.163726   0.169387
-0.00856636   -0.0247584   0.146042
-0.169057   0.00470137   0.330946
-0.00686532   -0.16664   0.332902
0.162863   -0.17275   0.186468
0.340905   -0.023536   0.172742
0.155357   -0.00467066   0.317357
0.332363   -0.165763   0.34064
-0.48232   0.170631   0.180836
-0.318972   0.322382   0.177049
0.497252   0.325401   0.325634
-0.338381   0.161284   0.348589
-0.158221   0.161785   0.165571
-0.00929274   0.338654   0.161465
-0.160888   0.334157   0.348303
0.00183742   0.165486   0.307007
0.162719   0.173125   0.155749
0.322451   0.32719   0.172146
0.170274   0.315933   0.325133
0.34942   0.162755   0.323013
