1.16927
1.26801
1.23215
1.2624
1.00512
1.27221
1.19983
1.34239
1.11064
1.29241
1.1197
1.26162
1.22166
1.14771
1.23655
1.24836
1.20552
1.17449
1.29488
1.20872
1.14734
1.19434
1.19122
1.27745
1.32147
1.05909
1.32179
1.17352
1.23909
1.23857
1.21887
1.1987
1.24257
1.08611
1.21187
1.32777
1.19698
1.17396
1.16563
1.27115
1.16619
1.17575
1.13472
1.20376
1.24201
1.27732
1.0916
1.22039
1.16188
1.198
1.28321
1.18016
1.20015
1.19031
1.17213
1.39659
1.11344
1.21285
1.30229
1.23295
1.11923
1.13721
1.16655
1.24674
1.1721
1.25135
1.26991
1.16083
1.16403
1.16616
1.26364
1.16645
1.2335
1.36341
1.10949
1.18767
1.23046
1.19313
1.14959
1.20317
1.22831
1.19766
1.22422
1.25442
1.19009
1.18983
1.08749
1.1945
1.30622
1.27072
1.19247
1.21002
1.11883
1.19756
1.24076
1.21201
1.31722
1.25516
1.058
1.2359
1.18242
1.24226
1.29096
1.20331
1.18092
1.18313
1.20474
1.13756
1.29358
1.26773
1.10782
1.21624
1.22358
1.23057
1.13248
1.2454
1.17019
1.2629
1.16436
1.17361
1.20615
1.27363
1.20559
1.15328
1.2589
1.25323
1.18002
1.1497
1.24728
1.29491
1.14601
1.1176
1.32416
1.19883
1.25121
1.02057
1.36279
1.2631
1.21142
1.0564
1.26101
1.29121
1.23622
1.06672
1.29059
1.112
1.26139
1.26562
1.27882
1.18278
1.10635
1.18221
1.26276
1.28975
1.16927
1.29453
1.13999
1.23714
1.19144
1.17274
1.25799
1.27155
1.20174
1.24379
1.17139
1.14943
1.24385
1.23396
1.11646
1.2463
1.17831
1.28181
1.15498
1.25242
1.18416
1.13897
1.18369
1.27535
1.20918
1.224
1.24544
1.24164
1.05685
1.28224
1.21616
1.25975
1.10995
1.2665
1.19367
1.18424
1.15432
1.15031
1.27426
1.23386
1.29789
1.10486
1.25275
1.17353
1.22117
1.24302
1.20405
1.28624
1.12981
1.20109
1.15121
1.28776
1.18874
1.23194
1.23283
1.18058
1.22085
1.23108
1.25844
1.13623
1.24078
1.12823
1.18087
1.24082
1.17689
1.2365
1.23099
1.23973
1.19812
1.12349
1.32993
1.27671
1.17139
1.16292
1.16814
1.26144
1.16104
1.28914
1.16626
1.32001
1.00288
1.21659
1.2655
1.32037
1.17727
1.15473
1.24576
1.2257
1.11496
1.3016
1.27114
1.2264
1.23087
1.28207
0.9884
1.24873
1.21185
1.24933
1.18114
1.2427
1.11507
1.26413
1.27919
1.20015
1.15016
1.28584
1.2648
1.07556
1.2562
1.23089
1.29529
1.13431
1.09803
1.25625
1.30158
1.14191
1.23892
1.17275
1.21898
1.13523
1.28958
1.15162
1.19301
1.26715
1.23002
1.19408
1.17211
1.21619
1.15248
1.24085
1.31634
1.20626
1.15687
1.17339
1.19537
1.28779
1.17182
1.20203
1.04101
1.33102
1.25351
1.17771
1.22035
1.27678
1.15073
1.20764
1.22621
1.2186
1.23642
1.13226
1.18557
1.24008
1.27957
1.14373
1.14667
1.11869
1.39024
1.01817
1.27255
1.26631
1.20188
1.22132
1.10997
1.16189
1.26306
1.21674
1.18696
1.30599
1.21595
1.1959
1.10764
1.25831
1.23465
1.15265
1.19396
1.22238
1.3149
1.19744
1.15497
1.14038
1.27914
1.24427
1.23238
1.25814
1.10619
1.23397
1.12579
1.25231
1.22548
1.18161
1.20039
1.16932
1.21182
1.19297
1.25647
1.19126
1.15448
1.24329
1.20863
1.15634
1.30009
1.09506
1.24652
1.19084
1.23115
1.23217
1.23648
1.19077
1.11806
1.1714
1.25315
1.29042
1.16166
1.16193
1.24902
1.14986
1.20221
1.2117
1.24282
1.10653
1.29198
1.215
1.21212
1.26564
1.17204
1.11709
1.23353
1.24126
1.30336
1.17746
1.16063
1.1876
1.2205
1.29164
1.17725
1.14849
1.23381
1.20095
1.27118
1.19167
1.26295
1.16395
1.17101
1.21501
1.20531
1.32136
1.21252
1.10216
1.13391
1.30207
1.16903
1.30956
1.15939
1.26203
1.24233
1.16993
1.10329
1.24818
1.30906
1.25966
1.13795
1.14525
1.21664
1.23937
1.17212
1.14186
1.35885
1.25382
1.02133
1.21945
1.31691
1.1277
1.10906
1.35501
1.27793
1.15712
1.1017
1.1726
1.35072
1.17236
1.23646
1.23569
1.21842
1.10403
1.37444
1.18287
1.28205
1.10102
1.2173
1.22948
1.11942
1.29584
1.21586
1.17646
1.14268
1.24043
1.21606
1.19902
1.16691
1.31494
1.13124
1.18851
1.31713
1.15404
1.18474
1.15827
1.33979
1.21572
1.19623
1.20086
1.15843
1.27165
1.307
1.12415
1.15909
1.30768
1.16284
1.20033
1.20011
1.28483
1.10745
1.28492
1.21288
1.25895
1.10069
1.21787
1.25067
1.14447
1.17886
1.25604
1.21215
1.2364
1.19139
1.15393
1.25819
1.27696
1.12597
1.32607
1.18538
1.19786
1.12333
1.18782
1.19122
1.29972
1.24633
1.18505
1.19608
1.10052
1.23868
1.25178
1.26598
1.20634
1.05604
1.17256
1.35321
1.23627
1.17788
1.192
1.14276
1.27377
1.27631
1.16104
1.17301
1.21495
1.23065
1.11848
1.16138
1.16741
1.34263
1.33199
1.08663
1.18828
1.20118
1.09723
1.26007
1.36437
1.09657
1.18938
1.1695
1.28671
1.2363
1.24617
1.18241
1.1736
1.28197
1.13183
1.2217
1.14503
1.22494
1.24201
1.24804
1.12181
1.17624
1.26713
1.19667
1.25719
1.18123
1.19859
1.14248
1.18857
1.23889
1.22779
1.21577
1.15201
1.12406
1.29027
1.21598
1.19925
1.0927
1.2412
1.24426
1.11619
1.22336
1.29158
1.14851
1.18157
1.23989
1.28253
1.21208
1.11023
1.21594
1.17102
1.32062
1.11583
1.26988
1.24656
1.14911
1.15378
1.1665
1.23226
1.1781
1.15425
1.33888
1.259
1.21464
1.1582
1.27011
1.11665
1.34769
1.13694
1.21335
1.17722
1.37338
1.12664
1.23297
1.1081
1.27562
1.20092
1.12635
1.15383
1.3985
1.13416
1.19015
1.21785
1.25982
1.08924
1.29096
1.17791
1.27399
1.16149
1.13663
1.22139
1.35289
1.17615
1.14608
1.21187
1.11954
1.17712
1.293
1.16977
1.23422
1.28351
1.19924
1.1167
1.30747
1.24295
1.22772
1.14322
1.21083
1.11996
1.29438
1.22204
1.25524
1.19797
1.16834
1.1917
1.29579
1.21016
1.11718
1.22556
1.32551
1.09965
1.21693
1.20482
1.25711
1.13065
1.29402
1.13532
1.21717
1.27008
1.12377
1.21699
1.25796
1.19889
1.21734
1.10818
1.29469
1.27036
1.12079
1.25591
1.18249
1.21779
1.11171
1.20874
1.21698
1.21503
1.18574
1.13317
1.19383
1.30734
1.25719
1.19457
1.24966
1.13334
1.08322
1.2885
1.23514
1.17984
1.37325
1.16212
1.23722
1.1559
1.11204
1.30077
1.3011
1.19272
1.17936
1.12311
1.18165
1.34481
1.19806
1.21837
1.18488
1.22584
1.19029
1.32205
1.02866
1.33897
1.17227
1.20955
1.24222
1.20964
1.21883
1.2063
1.09046
1.22282
1.24779
1.28834
1.09782
1.22055
1.20821
1.23122
1.21122
1.19578
1.2228
1.21036
1.16482
1.27153
1.17098
1.10883
1.18287
1.2306
1.31218
1.19046
1.19942
1.24166
1.1836
1.12275
1.15111
1.31755
1.25731
1.19226
1.1112
1.23935
1.1055
1.26773
1.113
1.43151
1.09669
1.11345
1.29878
1.1914
1.18259
1.22522
1.29665
1.14645
1.19378
1.08423
1.29642
1.23602
1.19653
1.20453
1.2962
1.21274
1.1017
1.19323
1.20381
1.34592
1.05144
1.23631
1.14242
1.30712
1.31409
1.17374
1.18303
1.25816
1.14571
1.10552
1.27269
1.3436
1.23399
1.13988
1.1707
1.26283
1.17003
1.1439
1.29892
1.22651
1.20364
1.19613
1.13248
1.21775
1.2602
1.13357
1.26772
1.1007
1.43066
1.08202
1.28116
1.14099
1.17141
1.25912
1.27538
1.18686
1.05015
1.3232
1.19744
1.24096
1.14957
1.23668
1.17448
1.20614
1.33817
1.14061
1.24563
1.26119
1.18409
1.14021
1.22871
1.21678
1.18868
1.2488
1.15956
1.27731
1.26068
1.17681
1.13454
1.2161
1.19588
1.3117
1.1192
1.24545
1.21916
1.16053
1.23991
1.17979
1.19392
1.20384
1.30834
1.09802
1.19074
1.21874
1.18821
1.2984
1.18597
1.26047
1.14599
1.29393
1.1131
1.26178
1.16929
1.2282
1.19806
1.22861
1.12224
1.28901
1.18854
1.24998
1.16992
1.28894
1.13307
1.19153
1.26466
1.17137
1.23322
1.15621
1.23656
1.14905
1.2913
1.17547
1.27912
1.24406
1.12074
1.22505
1.25636
1.19326
1.14212
1.23872
1.30947
1.15932
1.20888
1.18359
1.20977
1.17018
1.29137
1.30381
1.12437
1.20451
1.11837
1.31342
1.28457
1.13338
1.26194
1.17946
1.23527
1.20305
1.27438
1.15948
1.2691
1.12441
1.18325
1.26919
1.24457
1.16688
1.25529
1.10833
1.30453
1.17042
1.21524
1.14423
1.305
1.17743
1.24332
1.15348
1.2332
1.24951
1.2399
1.15129
1.19616
1.25401
1.12562
1.32338
1.28139
1.23499
1.03366
1.2092
1.15401
1.28474
1.25881
1.09831
1.27741
1.10219
1.23168
1.252
1.20341
1.18438
1.22851
1.20463
1.16606
1.29311
1.24601
1.15296
1.26286
1.19343
1.15675
1.17294
1.2612
1.22582
1.1963
1.30821
1.12866
1.18753
1.22497
1.20853
1.19691
1.15463
1.23895
1.33059
1.12076
1.13534
1.28253
1.2759
1.15217
1.18356
1.27577
1.19883
1.18147
1.2249
1.24674
1.19698
1.24726
1.10714
1.22681
1.23094
1.23511
1.20147
1.18182
1.18693
1.1467
1.27417
1.14334
1.24583
1.31688
1.08329
1.24849
1.21113
1.2031
1.11316
1.1758
1.22106
1.28686
1.25417
1.09856
1.20173
1.24451
1.21273
1.2114
1.19371
1.21292
1.17015
1.19964
1.26907
1.20575
1.18235
1.18523
1.23287
