0.779515
0.845341
0.821432
0.841601
0.670079
0.84814
0.799884
0.89493
0.740426
0.861607
0.746465
0.841077
0.814439
0.765138
0.824369
0.832243
0.80368
0.782993
0.863252
0.805811
0.764894
0.796225
0.794147
0.851632
0.880982
0.706058
0.881191
0.782344
0.826063
0.825715
0.812582
0.799131
0.828382
0.724073
0.807916
0.885179
0.797984
0.782638
0.777085
0.847432
0.777462
0.783836
0.756478
0.802508
0.828009
0.851543
0.727734
0.813596
0.774584
0.79867
0.855474
0.786771
0.800102
0.793538
0.781419
0.931059
0.742294
0.808568
0.868191
0.821966
0.746156
0.758142
0.7777
0.831163
0.781399
0.834233
0.846605
0.773885
0.776019
0.777439
0.842428
0.777636
0.822333
0.908939
0.739661
0.791778
0.820304
0.79542
0.766395
0.802112
0.818876
0.79844
0.816148
0.836277
0.793394
0.793219
0.724992
0.796333
0.870814
0.847148
0.794978
0.806677
0.745884
0.798375
0.827172
0.808009
0.878144
0.836771
0.70533
0.823933
0.788278
0.828176
0.860642
0.802206
0.787277
0.788752
0.80316
0.758374
0.862389
0.845155
0.738545
0.810828
0.815718
0.820378
0.754986
0.830265
0.780127
0.841932
0.776243
0.782404
0.804102
0.849086
0.803726
0.768855
0.839266
0.835488
0.786679
0.766469
0.83152
0.86327
0.764006
0.745064
0.882776
0.799218
0.834139
0.680382
0.908529
0.842066
0.807612
0.704269
0.84067
0.860803
0.824144
0.711149
0.860395
0.741334
0.840926
0.84375
0.852544
0.788521
0.737569
0.788142
0.84184
0.859834
0.779516
0.863017
0.75999
0.824763
0.794294
0.781828
0.838661
0.847699
0.801163
0.829193
0.780924
0.766286
0.829235
0.822639
0.744307
0.830867
0.785538
0.854541
0.769987
0.834946
0.789441
0.759313
0.789125
0.850231
0.806121
0.816001
0.830295
0.82776
0.704564
0.854824
0.810771
0.839831
0.739968
0.844334
0.795778
0.789492
0.769547
0.766875
0.849507
0.822572
0.865262
0.736572
0.835169
0.782352
0.81411
0.82868
0.802703
0.857493
0.753204
0.800724
0.767474
0.85851
0.792495
0.821292
0.821884
0.787052
0.8139
0.820719
0.838961
0.757485
0.827185
0.752156
0.787246
0.827214
0.784592
0.824337
0.82066
0.82649
0.798749
0.748992
0.886623
0.851142
0.780927
0.77528
0.77876
0.840959
0.774026
0.859427
0.777508
0.880006
0.668588
0.81106
0.843666
0.88025
0.784844
0.76982
0.830507
0.817135
0.743306
0.867732
0.847425
0.817599
0.820583
0.854711
0.658933
0.832489
0.807898
0.832888
0.787425
0.828464
0.743382
0.842754
0.852794
0.8001
0.766775
0.857228
0.843201
0.717041
0.837468
0.820591
0.863524
0.756205
0.732019
0.837501
0.867721
0.76127
0.825948
0.781834
0.812652
0.756819
0.859723
0.767746
0.795338
0.844767
0.820015
0.79605
0.781409
0.810793
0.768317
0.82723
0.877559
0.804172
0.771247
0.782262
0.796911
0.858527
0.781211
0.801353
0.694004
0.887345
0.835671
0.785139
0.81357
0.851185
0.767153
0.805093
0.817475
0.8124
0.824278
0.754839
0.790378
0.826723
0.853048
0.762487
0.764449
0.745793
0.926829
0.678778
0.848365
0.844207
0.801256
0.814211
0.739977
0.774592
0.842043
0.811157
0.791306
0.87066
0.810636
0.797268
0.738428
0.838872
0.823097
0.768434
0.795971
0.81492
0.8766
0.798296
0.769977
0.760251
0.852763
0.829516
0.821585
0.838762
0.737458
0.822648
0.750528
0.834875
0.816989
0.787742
0.800259
0.779544
0.807879
0.795311
0.837643
0.794175
0.769653
0.828863
0.805754
0.770892
0.866724
0.730041
0.831016
0.793893
0.820766
0.821449
0.82432
0.79385
0.745372
0.780934
0.835436
0.860282
0.774441
0.774617
0.832682
0.766572
0.801474
0.807797
0.828549
0.737686
0.861322
0.809998
0.80808
0.843757
0.781363
0.744724
0.822355
0.827504
0.868905
0.784971
0.773752
0.791733
0.813666
0.861095
0.784833
0.765662
0.82254
0.800632
0.847452
0.79445
0.841967
0.775964
0.780671
0.810006
0.803541
0.880909
0.808344
0.734773
0.755942
0.868049
0.779357
0.87304
0.772928
0.841353
0.828218
0.779956
0.735529
0.832117
0.872706
0.839771
0.758631
0.763497
0.811096
0.826247
0.781415
0.761238
0.9059
0.835878
0.680885
0.812965
0.877937
0.751803
0.739374
0.903337
0.851955
0.771411
0.734468
0.781734
0.900479
0.781571
0.824307
0.823792
0.812283
0.736019
0.916294
0.788578
0.854701
0.734013
0.811534
0.819654
0.746279
0.863892
0.810571
0.784305
0.761785
0.826951
0.810706
0.799348
0.777938
0.876625
0.754158
0.79234
0.878084
0.769359
0.789827
0.772183
0.893192
0.81048
0.797484
0.800576
0.772288
0.847765
0.871336
0.749433
0.772724
0.871786
0.775223
0.80022
0.80007
0.856553
0.738302
0.856613
0.808584
0.839298
0.733792
0.811914
0.833781
0.762981
0.785903
0.837357
0.808102
0.824267
0.794262
0.769287
0.838794
0.851304
0.750645
0.88405
0.790251
0.798574
0.748888
0.791879
0.79415
0.866481
0.830884
0.790034
0.797384
0.73368
0.825784
0.83452
0.843986
0.804225
0.704027
0.781705
0.902139
0.824182
0.785257
0.794664
0.761842
0.849182
0.850875
0.774027
0.782005
0.809969
0.820435
0.745651
0.774254
0.778274
0.895089
0.887992
0.724423
0.792185
0.800789
0.731483
0.840045
0.909581
0.731043
0.792923
0.779669
0.857807
0.824203
0.830777
0.78827
0.7824
0.854644
0.754551
0.814468
0.763355
0.816626
0.828006
0.832024
0.747876
0.784158
0.844755
0.797782
0.838125
0.787488
0.79906
0.761655
0.792382
0.825929
0.818529
0.810513
0.768007
0.749373
0.860183
0.810651
0.799501
0.728465
0.827467
0.829506
0.74413
0.815573
0.86105
0.76567
0.787715
0.826593
0.85502
0.808053
0.740151
0.810624
0.780681
0.880415
0.743889
0.846585
0.831042
0.766072
0.769185
0.777665
0.821504
0.785401
0.769497
0.892584
0.83933
0.809762
0.77213
0.846741
0.744433
0.898458
0.75796
0.8089
0.784813
0.915587
0.751092
0.821982
0.738733
0.850412
0.800611
0.7509
0.769219
0.932332
0.756104
0.793434
0.811901
0.839878
0.726162
0.860641
0.785274
0.849324
0.774323
0.757756
0.81426
0.90193
0.784098
0.764056
0.807916
0.74636
0.784748
0.862002
0.779849
0.822813
0.855675
0.799495
0.744469
0.871647
0.828635
0.818483
0.762148
0.807218
0.746639
0.86292
0.814692
0.836824
0.798648
0.778892
0.794466
0.863862
0.806771
0.744784
0.817041
0.883675
0.733102
0.811286
0.803214
0.838076
0.753765
0.862683
0.756881
0.81145
0.846723
0.74918
0.811329
0.838639
0.799261
0.81156
0.738786
0.863128
0.846909
0.747192
0.837274
0.788323
0.811862
0.741137
0.805827
0.811318
0.810022
0.790492
0.755446
0.795889
0.871557
0.838124
0.796383
0.833106
0.755559
0.722146
0.859003
0.823427
0.78656
0.915502
0.774746
0.824814
0.770598
0.741363
0.867178
0.867402
0.795144
0.78624
0.74874
0.787768
0.896541
0.798707
0.812246
0.789917
0.817229
0.793525
0.881366
0.685771
0.892644
0.781514
0.806366
0.828147
0.806429
0.812554
0.8042
0.72697
0.815213
0.831863
0.858892
0.731877
0.813702
0.805471
0.820815
0.807478
0.797188
0.815199
0.806906
0.776546
0.84769
0.780656
0.739222
0.788578
0.820402
0.874783
0.79364
0.799615
0.827771
0.789069
0.748501
0.767407
0.878365
0.838209
0.794843
0.740803
0.826234
0.737002
0.845153
0.741999
0.954341
0.73113
0.742298
0.865851
0.794265
0.788396
0.81681
0.864436
0.7643
0.795854
0.722822
0.86428
0.824015
0.797689
0.80302
0.864136
0.808496
0.734466
0.795489
0.802538
0.897281
0.700959
0.824209
0.761615
0.871413
0.876063
0.78249
0.788684
0.838771
0.763805
0.737013
0.84846
0.895733
0.822663
0.759918
0.780464
0.84189
0.780018
0.762598
0.865949
0.817673
0.802429
0.797421
0.754988
0.81183
0.840136
0.755714
0.845146
0.733797
0.953772
0.721347
0.854105
0.760658
0.780938
0.839416
0.850256
0.791238
0.700099
0.882133
0.798293
0.827306
0.766382
0.824456
0.782985
0.804092
0.892112
0.760407
0.830418
0.840791
0.789393
0.760137
0.819138
0.811185
0.792456
0.83253
0.773037
0.851541
0.840455
0.784542
0.756361
0.810733
0.797255
0.874468
0.746134
0.830303
0.81277
0.773685
0.826608
0.78653
0.795946
0.80256
0.872229
0.732016
0.793824
0.812492
0.792139
0.865602
0.790646
0.840313
0.763996
0.862621
0.742069
0.841187
0.779527
0.818797
0.798706
0.819071
0.748161
0.859338
0.792359
0.833318
0.779945
0.859296
0.755382
0.79435
0.843109
0.780913
0.822144
0.770805
0.824371
0.766035
0.860863
0.783644
0.852748
0.829375
0.747158
0.816702
0.837574
0.795506
0.761416
0.825811
0.87298
0.772878
0.80592
0.789057
0.806515
0.78012
0.860916
0.869205
0.749579
0.803005
0.745579
0.875616
0.856382
0.755584
0.841294
0.786309
0.823512
0.802035
0.849585
0.772984
0.846068
0.749605
0.788833
0.846129
0.829712
0.77792
0.836863
0.738883
0.869687
0.780281
0.810159
0.762821
0.869999
0.784952
0.828877
0.768989
0.82213
0.833009
0.826601
0.767526
0.797438
0.836008
0.750415
0.882252
0.854261
0.823328
0.689104
0.80613
0.769341
0.856494
0.839206
0.732208
0.851609
0.734793
0.82112
0.834665
0.802271
0.789588
0.819004
0.803086
0.777371
0.862073
0.830672
0.768637
0.841905
0.795619
0.771166
0.781962
0.840798
0.817213
0.797535
0.872142
0.752438
0.791684
0.816644
0.805685
0.797939
0.769752
0.825964
0.887059
0.747171
0.756893
0.855018
0.8506
0.76811
0.789043
0.850514
0.799218
0.787646
0.816602
0.83116
0.79799
0.831504
0.738096
0.817875
0.82063
0.823407
0.800977
0.787882
0.791287
0.764464
0.849446
0.762225
0.830553
0.87792
0.722195
0.832326
0.80742
0.802066
0.742107
0.783869
0.814041
0.857904
0.836114
0.732372
0.801151
0.829671
0.808484
0.807598
0.795808
0.808612
0.7801
0.799759
0.846046
0.803834
0.78823
0.790155
0.821914
