17.7232 0 6.25071 0
17.2913 0.431889 6.30553 0.054821
16.9732 0.404177 5.71759 0.588789
17.0643 0.299962 5.4229 0.510079
16.8569 0.311435 5.41725 0.395146
16.1524 0.749 5.60733 0.374463
15.9696 0.658891 5.59522 0.316711
16.0925 0.583702 5.61844 0.275261
16.1695 0.520509 5.52202 0.261206
16.1976 0.466399 5.36825 0.279691
16.1736 0.422555 5.40301 0.255367
16.2504 0.393304 5.31075 0.250709
16.1801 0.368544 5.32535 0.23108
16.1421 0.343316 5.26823 0.221434
16.1139 0.320854 5.22613 0.210398
15.8789 0.381159 5.25463 0.198861
15.9037 0.358893 5.23543 0.187782
15.7633 0.366345 5.22402 0.177409
15.6978 0.352653 5.26508 0.172761
15.6482 0.338216 5.26413 0.163898
15.6365 0.321919 5.27282 0.156141
15.5659 0.314972 5.2597 0.149451
15.5032 0.307426 5.27846 0.144032
15.6408 0.32494 5.20421 0.156619
15.6923 0.315893 5.20213 0.150238
15.699 0.303573 5.1766 0.146584
15.809 0.312137 5.15547 0.142625
15.7581 0.305055 5.15952 0.137497
15.7751 0.294837 5.13799 0.134405
15.7666 0.284963 5.13951 0.129857
15.6648 0.293834 5.17959 0.131838
15.5912 0.293864 5.21733 0.133114
15.5528 0.287403 5.23788 0.130644
15.5819 0.280341 5.27842 0.133068
15.5897 0.272326 5.27166 0.129387
15.5741 0.265114 5.2797 0.125998
15.5244 0.262597 5.23277 0.131224
15.4687 0.261589 5.27691 0.135137
15.4302 0.257697 5.27615 0.131629
15.448 0.251808 5.25714 0.129697
15.4198 0.247211 5.26199 0.126586
15.4147 0.241305 5.24207 0.125131
15.4076 0.235735 5.247 0.122285
15.4248 0.230956 5.24326 0.119532
15.4709 0.230421 5.21237 0.12086
15.467 0.225389 5.17817 0.123051
15.4498 0.221212 5.16632 0.120987
15.4709 0.217579 5.18542 0.119969
15.453 0.213845 5.19463 0.117856
15.4656 0.209906 5.19401 0.115477
15.3991 0.216237 5.20669 0.113898
15.4182 0.212896 5.18896 0.113083
15.4124 0.20892 5.18583 0.110973
15.4041 0.205183 5.18252 0.108949
15.3461 0.209615 5.20427 0.109139
15.3606 0.20635 5.23566 0.111672
15.3276 0.205373 5.24037 0.109797
15.3508 0.203132 5.25596 0.109008
15.3424 0.199837 5.25795 0.107163
15.3567 0.197001 5.25931 0.105371
15.3708 0.194258 5.2316 0.107269
15.3863 0.191724 5.24725 0.106679
15.338 0.194747 5.25077 0.105031
15.2999 0.19543 5.26889 0.104953
15.2816 0.193261 5.30582 0.109728
15.2592 0.191626 5.32795 0.110296
15.271 0.189111 5.3381 0.10911
15.2265 0.191561 5.3464 0.107813
15.2735 0.194541 5.33294 0.107088
15.2223 0.198457 5.36619 0.110659
15.2955 0.208874 5.36378 0.109116
15.2586 0.20922 5.36251 0.107597
15.2317 0.208089 5.38187 0.107863
15.2134 0.206068 5.38253 0.106397
15.1996 0.203771 5.40861 0.10816
15.1717 0.202997 5.41218 0.106787
15.1596 0.200712 5.41216 0.105391
15.1698 0.198385 5.42834 0.105282
15.1685 0.195862 5.43364 0.104076
15.166 0.193414 5.43143 0.10279
15.1364 0.193289 5.42263 0.101895
15.1233 0.191369 5.4373 0.101707
15.1303 0.18918 5.42756 0.100945
15.1001 0.189341 5.43388 0.0999358
15.1493 0.193449 5.41587 0.100382
15.1729 0.192648 5.42085 0.0993329
15.1369 0.1938 5.44688 0.101576
15.1648 0.193601 5.43762 0.100842
15.1795 0.19198 5.41896 0.101434
15.1451 0.192935 5.44325 0.1032
15.1291 0.191467 5.42583 0.103534
15.1184 0.189677 5.42192 0.102477
15.0973 0.188807 5.42053 0.101379
15.1116 0.18733 5.41388 0.100515
15.1253 0.185855 5.40162 0.100204
15.1042 0.185117 5.40672 0.0992855
15.1147 0.1835 5.3917 0.0993986
15.1444 0.184027 5.38935 0.0984072
15.1762 0.184911 5.39111 0.0974242
15.1403 0.186534 5.39138 0.0964454
