16.3081 0 4.87194 0
15.9152 0.392881 4.89672 0.0247778
15.4262 0.539033 5.1646 0.26826
15.135 0.479718 5.18346 0.190624
15.7715 0.737083 4.86278 0.35304
15.775 0.601836 5.13104 0.39377
15.5181 0.569831 5.27219 0.361491
15.2004 0.586936 5.32616 0.31768
14.8145 0.645638 5.33739 0.280392
14.5258 0.645619 5.4127 0.261854
14.5344 0.584048 5.39491 0.237523
14.7297 0.567794 5.3088 0.233298
14.7681 0.523708 5.32787 0.215448
15.0043 0.539334 5.22509 0.224392
14.9023 0.512357 5.16812 0.216528
14.8967 0.479299 5.14767 0.203572
14.9306 0.451501 5.22079 0.204724
15.0755 0.449667 5.19303 0.195002
15.2511 0.460145 5.18797 0.184522
15.1947 0.440158 5.23715 0.181829
15.1592 0.420175 5.18345 0.181099
15.0136 0.426278 5.17016 0.173181
15.0355 0.407915 5.22076 0.173044
15.2367 0.439314 5.23451 0.166246
15.213 0.422039 5.22298 0.159873
15.2273 0.405733 5.31041 0.176741
15.2316 0.390441 5.32705 0.170881
15.2627 0.377518 5.36749 0.169557
15.3585 0.376655 5.34767 0.164802
15.2823 0.37178 5.35466 0.159367
15.2273 0.363768 5.39886 0.160354
15.2386 0.352398 5.42715 0.157818
15.2146 0.342391 5.46484 0.157536
15.2446 0.333519 5.45495 0.153153
15.2847 0.326325 5.46187 0.148873
15.256 0.318429 5.46164 0.144679
15.2119 0.312825 5.47792 0.141652
15.2067 0.304527 5.48829 0.138264
15.2024 0.296647 5.47966 0.134948
15.2327 0.290722 5.43609 0.138561
15.3488 0.306387 5.43933 0.135178
15.3858 0.301281 5.43936 0.13192
15.352 0.296125 5.44093 0.128825
15.3522 0.289317 5.43574 0.12597
15.4028 0.287302 5.43532 0.12314
15.3964 0.28106 5.4483 0.121131
15.3337 0.28207 5.46662 0.119934
15.3275 0.2762 5.43281 0.12218
15.3606 0.272515 5.44474 0.120253
15.3079 0.272148 5.47801 0.122432
15.2623 0.270634 5.47535 0.120037
15.3116 0.269922 5.44337 0.121973
15.2557 0.270614 5.46575 0.121724
15.1924 0.273008 5.48551 0.121072
15.1715 0.268812 5.48663 0.118855
15.1877 0.264466 5.4792 0.11695
15.2193 0.261696 5.47802 0.114886
15.2366 0.257725 5.46867 0.113274
15.2849 0.25788 5.45738 0.111909
15.2822 0.25356 5.46954 0.110697
15.3258 0.253155 5.46938 0.108867
15.3117 0.249436 5.48215 0.107855
15.3435 0.247496 5.47978 0.106155
15.3006 0.247344 5.47543 0.104574
15.3421 0.247016 5.45939 0.104194
15.3587 0.243808 5.45511 0.102693
15.3484 0.24036 5.42723 0.10492
15.329 0.237594 5.43319 0.103537
15.3361 0.234234 5.42474 0.102375
15.338 0.230871 5.42112 0.100967
15.316 0.228656 5.43674 0.100754
15.3138 0.225469 5.43548 0.0993529
15.2814 0.224711 5.43381 0.0979968
15.2758 0.221723 5.4492 0.0978806
15.2608 0.219261 5.45847 0.0970103
15.2514 0.216558 5.44863 0.0962297
15.2703 0.214555 5.4231 0.0983434
15.3242 0.218535 5.41814 0.0972008
15.3108 0.216162 5.43725 0.097847
15.2794 0.21575 5.43347 0.0966902
15.2726 0.213178 5.4145 0.0973549
15.2872 0.211067 5.44196 0.100004
15.2664 0.209536 5.43779 0.0988792
15.2735 0.207149 5.45429 0.0990794
15.2296 0.209366 5.46681 0.0987039
15.2547 0.208438 5.4631 0.0976199
15.2356 0.206916 5.45921 0.0965698
15.2545 0.20542 5.45437 0.0955889
15.2061 0.208771 5.46336 0.0949361
15.219 0.206841 5.44069 0.0965747
15.1685 0.210714 5.45992 0.0974251
15.1561 0.20878 5.45984 0.0963603
15.141 0.20707 5.45787 0.095339
15.1468 0.204937 5.46529 0.0946107
15.1083 0.206401 5.46675 0.0936209
15.0678 0.208199 5.4768 0.0931837
15.0536 0.20653 5.47237 0.0923241
15.0794 0.206023 5.47465 0.0914055
15.061 0.204751 5.48231 0.090801
15.0962 0.205723 5.48533 0.0899392
