1 -0.431296 -0.431296 0
2 -0.450722 -0.441009 0.00971347
3 -0.400673 -0.427564 0.014568
4 -0.439365 -0.430514 0.0107153
5 -0.415812 -0.427574 0.00880553
6 -0.396484 -0.422392 0.00886228
7 -0.407014 -0.420195 0.00780552
8 -0.480599 -0.427746 0.0101343
9 -0.445457 -0.429714 0.0091517
10 -0.434439 -0.430186 0.00819916
11 -0.483157 -0.435002 0.00884265
12 -0.411971 -0.433082 0.00829721
13 -0.443797 -0.433907 0.00767669
14 -0.408743 -0.432109 0.007331
15 -0.436754 -0.432419 0.00683181
16 -0.438648 -0.432808 0.00640242
17 -0.411814 -0.431573 0.00613951
18 -0.429686 -0.431468 0.00578933
19 -0.441651 -0.432004 0.00550232
20 -0.454011 -0.433105 0.00533467
21 -0.441071 -0.433484 0.00508844
22 -0.44693 -0.434095 0.00488998
23 -0.466177 -0.43549 0.0048763
24 -0.465784 -0.436752 0.00483633
25 -0.460398 -0.437698 0.00473428
26 -0.438055 -0.437712 0.00454857
27 -0.450255 -0.438176 0.00440145
28 -0.409972 -0.437169 0.00435932
29 -0.456859 -0.437848 0.00426075
30 -0.40543 -0.436767 0.00425575
31 -0.351423 -0.434014 0.004952
32 -0.474084 -0.435267 0.00495556
33 -0.452007 -0.435774 0.00482976
34 -0.453578 -0.436297 0.00471473
35 -0.444869 -0.436542 0.00458459
36 -0.428798 -0.436327 0.00446061
37 -0.453291 -0.436786 0.00436254
38 -0.466973 -0.43758 0.00431985
39 -0.445685 -0.437788 0.00421276
40 -0.40496 -0.436967 0.0041873
41 -0.431992 -0.436846 0.0040857
42 -0.417166 -0.436377 0.00401467
43 -0.423582 -0.43608 0.00393147
44 -0.479534 -0.437067 0.00396601
45 -0.44942 -0.437342 0.00388658
46 -0.43483 -0.437287 0.00380154
47 -0.425608 -0.437039 0.00372807
48 -0.427307 -0.436836 0.0036552
49 -0.413661 -0.436363 0.00361094
50 -0.377269 -0.435181 0.00373017
51 -0.439395 -0.435264 0.00365723
52 -0.438469 -0.435325 0.00358674
53 -0.418096 -0.435 0.0035334
54 -0.447698 -0.435236 0.00347531
55 -0.451563 -0.435532 0.00342443
56 -0.433874 -0.435503 0.00336286
57 -0.461528 -0.435959 0.00333474
58 -0.406336 -0.435449 0.0033163
59 -0.471659 -0.436062 0.00331689
60 -0.469684 -0.436623 0.00330893
61 -0.479327 -0.437323 0.00332868
62 -0.46538 -0.437775 0.00330567
63 -0.462916 -0.438174 0.00327717
64 -0.42817 -0.438018 0.00322934
65 -0.43174 -0.437921 0.00318074
66 -0.450877 -0.438118 0.00313832
67 -0.442953 -0.43819 0.00309197
68 -0.450869 -0.438376 0.00305186
69 -0.430768 -0.438266 0.00300932
70 -0.43195 -0.438176 0.00296739
71 -0.463474 -0.438532 0.00294692
72 -0.434845 -0.438481 0.00290615
73 -0.387164 -0.437778 0.00295102
74 -0.449136 -0.437931 0.00291491
75 -0.382971 -0.437199 0.00296768
76 -0.44639 -0.43732 0.00293087
77 -0.432711 -0.43726 0.00289318
78 -0.468416 -0.437659 0.00288364
79 -0.485215 -0.438261 0.00290985
80 -0.437845 -0.438256 0.00287325
81 -0.437734 -0.43825 0.00283757
82 -0.410386 -0.43791 0.00282327
83 -0.43601 -0.437887 0.00278914
84 -0.354283 -0.436892 0.00292996
85 -0.44325 -0.436966 0.00289625
86 -0.44221 -0.437027 0.00286303
87 -0.424499 -0.436883 0.00283359
88 -0.45339 -0.437071 0.00280748
89 -0.433818 -0.437034 0.00277599
90 -0.431214 -0.43697 0.00274574
91 -0.441951 -0.437024 0.00271595
92 -0.469016 -0.437372 0.00270868
93 -0.42819 -0.437273 0.00268121
94 -0.485085 -0.437782 0.00270086
95 -0.442611 -0.437833 0.00267277
96 -0.446728 -0.437926 0.0026464
97 -0.463043 -0.438185 0.00263174
98 -0.391013 -0.437703 0.00264885
99 -0.404386 -0.437367 0.00264347
100 -0.481347 -0.437806 0.0026536
