-5 0 0
-4.875 0 0
-4.75 0 0
-4.625 0 0
-4.5 0 0
-4.375 0 0
-4.25 0 0
-4.125 0 0
-4 0 0
-3.875 0 0
-3.75 0 0
-3.625 0 0
-3.5 0 0
-3.375 0 0
-3.25 0 0
-3.125 0 0
-3 0 0
-2.875 0 0
-2.75 0 0
-2.625 0 0
-2.5 0.00016 0.000112564
-2.375 0.00136 0.000509212
-2.25 0.00152 0.000598395
-2.125 0.0052 0.000974006
-2 0.01 0.00143998
-1.875 0.02488 0.00229084
-1.75 0.04512 0.00353503
-1.625 0.07632 0.00387342
-1.5 0.11752 0.00529037
-1.375 0.18112 0.0067323
-1.25 0.2344 0.00760946
-1.125 0.30408 0.00842315
-1 0.364 0.00871733
-0.875 0.41696 0.0100586
-0.75 0.40864 0.0090343
-0.625 0.42144 0.0109961
-0.5 0.37832 0.00825398
-0.375 0.35112 0.00835255
-0.25 0.33536 0.00834929
-0.125 0.31336 0.00753909
0 0.3056 0.00743456
0.125 0.32648 0.00730624
0.25 0.35424 0.00922015
0.375 0.3952 0.0098506
0.5 0.39072 0.00952545
0.625 0.41568 0.0103679
0.75 0.41304 0.0115611
0.875 0.37488 0.00868205
1 0.31048 0.00879132
1.125 0.2488 0.00767375
1.25 0.18224 0.00528289
1.375 0.1228 0.00533258
1.5 0.07592 0.00397079
1.625 0.04304 0.00295152
1.75 0.02464 0.00255191
1.875 0.0104 0.00172633
2 0.00872 0.00148733
2.125 0.00456 0.00114982
2.25 0.00088 0.000423854
2.375 0.00024 0.000178161
2.5 0.00048 0.000337693
2.625 8e-05 8e-05
2.75 0 0
2.875 0 0
3 0 0
3.125 0 0
3.25 0 0
3.375 0 0
3.5 0 0
3.625 0 0
3.75 0 0
3.875 0 0
4 0 0
4.125 0 0
4.25 0 0
4.375 0 0
4.5 0 0
4.625 0 0
4.75 0 0
4.875 0 0
