19.8 17.3439
19.602 19.4893
19.406 16.7055
19.2119 17.1241
19.0198 17.2213
18.8296 16.239
18.6413 18.3561
18.4549 19.7595
18.2703 15.3343
18.0876 17.5694
17.9068 16.45
17.7277 15.8625
17.5504 17.6594
17.3749 15.3551
17.2012 18.4247
17.0292 18.6073
16.8589 18.9129
16.6903 17.294
16.5234 16.2098
16.3581 18.1321
16.1946 19.4231
16.0326 19.2987
15.8723 16.9105
15.7136 18.606
15.5564 18.4777
15.4009 18.0029
15.2469 17.5922
15.0944 16.9692
14.9434 17.7752
14.794 16.9926
14.6461 17.3224
14.4996 18.4856
14.3546 19.164
14.2111 16.9048
14.069 17.3177
13.9283 17.1603
13.789 18.7897
13.6511 20.1506
13.5146 17.0469
13.3794 15.8885
13.2456 17.5288
13.1132 17.2773
12.9821 16.7318
12.8522 17.2118
12.7237 15.8935
12.5965 16.9486
12.4705 17.2959
12.3458 19.0197
12.2223 17.0861
12.1001 18.0581
11.9791 18.497
11.8593 18.6101
11.7407 17.3287
11.6233 17.3826
11.5071 15.0025
11.392 17.1698
11.2781 18.5771
11.1653 15.9459
11.0537 18.4551
10.9431 17.5395
10.8337 16.5893
10.7254 16.3618
10.6181 17.3213
10.5119 16.9081
10.4068 18.2421
10.3027 16.8793
10.1997 16.6382
10.0977 18.1712
9.99674 16.5404
9.89677 17.2638
9.79781 16.3137
9.69983 15.4449
9.60283 17.2165
9.5068 17.3791
9.41173 16.7104
9.31762 16.9753
9.22444 14.9829
9.13219 18.7715
9.04087 16.628
8.95046 16.9044
8.86096 17.1526
8.77235 16.4993
8.68463 17.0308
8.59778 18.2796
8.5118 18.2818
8.42668 17.8965
8.34242 15.289
8.25899 16.6951
8.1764 15.8055
8.09464 19.8369
8.01369 15.2684
7.93356 18.2475
7.85422 17.5637
7.77568 15.5143
7.69792 17.1911
7.62094 16.3252
7.54473 16.5945
7.46929 16.2942
7.39459 16.6992
7.32065 16.925
7.24744 17.9805
7.17497 16.6091
7.10322 15.4033
7.03218 16.2317
6.96186 18.4811
6.89224 16.9781
6.82332 18.1761
6.75509 19.0875
6.68754 17.8087
6.62066 17.555
6.55446 15.8713
6.48891 17.4794
6.42402 18.3524
6.35978 16.4017
6.29618 18.6965
6.23322 16.9843
6.17089 17.5741
6.10918 14.5958
6.04809 14.9301
5.98761 19.4003
5.92773 14.796
5.86845 15.162
5.80977 17.174
5.75167 13.9026
5.69416 18.747
5.63721 14.7528
5.58084 16.1666
5.52503 16.5067
5.46978 15.3086
5.41509 16.9074
5.36093 15.5946
5.30732 17.7531
5.25425 17.7665
5.20171 17.9881
5.14969 18.7691
5.0982 19.5358
5.04721 17.6463
4.99674 16.4432
4.94677 17.8159
4.89731 15.8671
4.84833 16.9742
4.79985 18.2606
4.75185 16.879
4.70433 14.105
4.65729 16.8946
4.61072 20.0794
4.56461 15.1941
4.51896 17.4647
4.47377 16.3497
4.42904 15.8665
4.38475 16.1266
4.3409 16.2795
4.29749 17.8415
4.25451 17.8519
4.21197 15.2586
4.16985 18.5383
4.12815 17.9699
4.08687 19.4197
4.046 17.3355
4.00554 18.0474
3.96549 15.5761
3.92583 16.3081
3.88657 14.2863
3.84771 16.1765
3.80923 17.7122
3.77114 18.3902
3.73343 17.0982
3.69609 17.4426
3.65913 17.0257
3.62254 16.7384
3.58631 17.4102
3.55045 17.7299
3.51495 17.1746
3.4798 15.8873
3.445 16.9537
3.41055 17.3825
3.37644 17.3693
3.34268 17.958
3.30925 17.4486
3.27616 17.2976
3.2434 17.8079
3.21096 17.173
3.17885 18.4866
3.14707 18.9945
3.11559 17.0895
3.08444 18.4816
3.05359 17.6457
3.02306 17.2851
2.99283 19.936
2.9629 15.0186
2.93327 16.8979
2.90394 18.0104
2.8749 17.9778
2.84615 16.8872
2.81769 17.2217
2.78951 17.2424
2.76162 16.297
2.734 17.1585
2.70666 16.055
2.67959 16.6536
2.6528 16.9184
2.62627 19.7629
2.60001 19.2885
2.57401 17.2562
2.54827 15.4737
2.52278 15.6081
2.49756 16.3528
2.47258 15.7191
2.44785 15.549
2.42338 16.0455
2.39914 15.8931
2.37515 16.8424
2.3514 16.0673
2.32789 17.6287
2.30461 17.198
2.28156 17.8395
2.25875 16.4822
2.23616 19.3921
2.2138 18.8606
2.19166 18.7131
2.16974 18.0599
2.14804 15.3672
2.12656 16.4738
2.1053 16.0205
2.08425 16.4401
2.0634 17.3449
2.04277 13.0804
2.02234 16.3446
2.00212 14.7992
1.9821 19.1826
1.96228 16.8081
1.94265 16.2736
1.92323 14.5951
1.90399 17.4537
1.88495 15.1832
1.8661 16.6045
1.84744 17.8024
1.82897 16.6349
1.81068 16.7598
1.79257 17.276
1.77465 17.0691
1.7569 18.4955
1.73933 18.2474
1.72194 20.8403
1.70472 16.7523
1.68767 15.4805
1.67079 16.0032
1.65409 16.2309
1.63755 15.1736
1.62117 15.6017
1.60496 16.4159
1.58891 15.1625
1.57302 15.433
1.55729 18.1891
1.54172 15.9648
1.5263 13.7492
1.51104 16.7311
1.49593 17.6827
1.48097 16.3543
1.46616 13.2599
1.4515 16.3116
1.43698 15.4439
1.42261 16.8303
1.40838 16.1903
1.3943 17.1249
1.38036 17.4613
1.36655 17.3471
1.35289 17.1894
1.33936 13.6012
1.32597 14.6101
1.31271 16.4895
1.29958 16.0664
1.28658 14.8037
1.27372 17.0803
1.26098 17.0133
1.24837 14.9758
1.23589 17.6885
1.22353 17.2213
1.21129 16.004
1.19918 17.0517
1.18719 17.9631
1.17532 17.9396
1.16356 17.5523
1.15193 14.9983
1.14041 16.1608
1.129 15.5709
1.11771 17.3574
1.10654 15.9999
1.09547 16.9939
1.08452 16.6989
1.07367 16.7629
1.06294 15.1473
1.05231 20.6722
1.04178 17.4746
1.03137 15.7712
1.02105 14.2617
1.01084 15.9922
1.00073 17.5523
0.990725 15.0515
0.980818 14.6349
0.97101 15.9907
0.9613 13.0905
0.951687 14.98
0.94217 14.8681
0.932748 17.9409
0.923421 16.7743
0.914186 15.2729
0.905044 14.8048
0.895994 17.2233
0.887034 15.4292
0.878164 16.0546
0.869382 15.9435
0.860688 15.9375
0.852081 14.8352
0.843561 16.5197
0.835125 14.0733
0.826774 13.3797
0.818506 16.1603
0.810321 18.5016
0.802218 14.9125
0.794196 15.6659
0.786254 16.4038
0.778391 15.9705
0.770607 15.2548
0.762901 15.5384
0.755272 15.4665
0.747719 15.6386
0.740242 16.0346
0.73284 14.0911
0.725511 16.4483
0.718256 15.1196
0.711074 14.9726
0.703963 16.3228
0.696923 16.4981
0.689954 17.211
0.683055 15.5328
0.676224 14.7641
0.669462 15.2497
0.662767 15.8798
0.656139 15.2646
0.649578 13.9264
0.643082 14.5908
0.636651 13.0819
0.630285 14.5039
0.623982 16.468
0.617742 14.6335
0.611565 15.4792
0.605449 13.3652
0.599395 14.3407
0.593401 15.0943
0.587467 11.0357
0.581592 13.0475
0.575776 15.0412
0.570018 14.9903
0.564318 13.0528
0.558675 16.4037
0.553088 14.3665
0.547557 15.6179
0.542082 14.3021
0.536661 11.0074
0.531294 14.6902
0.525981 14.7166
0.520722 15.1291
0.515514 11.1106
0.510359 15.0288
0.505256 14.678
0.500203 12.2863
0.495201 13.8537
0.490249 13.5567
0.485347 13.6927
0.480493 10.5023
0.475688 15.105
0.470931 11.821
0.466222 13.1018
0.46156 13.768
0.456944 11.2855
0.452375 12.2769
0.447851 11.9371
0.443372 16.5892
0.438939 12.747
0.434549 13.4048
0.430204 11.7751
0.425902 11.764
0.421643 13.0935
0.417426 12.3736
0.413252 14.8089
0.40912 14.7632
0.405028 15.2515
0.400978 12.2906
0.396968 13.2732
0.392999 11.8791
0.389069 11.5378
0.385178 12.2805
0.381326 14.0678
0.377513 13.4522
0.373738 15.3482
0.37 14.0187
0.3663 14.7017
0.362637 13.4165
0.359011 13.2108
0.355421 11.2636
0.351867 12.2246
0.348348 11.4735
0.344865 12.7953
0.341416 12.2412
0.338002 14.7217
0.334622 13.2655
0.331276 12.774
0.327963 11.4644
0.324683 11.6771
0.321436 14.251
0.318222 12.4293
0.31504 15.2441
0.311889 13.2657
0.30877 10.9522
0.305683 12.8178
0.302626 10.2356
0.2996 13.5319
0.296604 13.1707
0.293638 11.8243
0.290701 10.8639
0.287794 12.7039
0.284916 12.0622
0.282067 10.9461
0.279246 11.5318
0.276454 11.5198
0.273689 14.3013
0.270953 10.7591
0.268243 13.9432
0.265561 11.4222
0.262905 11.9813
0.260276 14.5661
0.257673 10.3079
0.255096 11.308
0.252546 13.1356
0.25002 9.74489
0.24752 12.2265
0.245045 10.4704
0.242594 11.0133
0.240168 9.11309
0.237767 9.81687
0.235389 9.63797
0.233035 10.3079
0.230705 11.1385
0.228398 10.2517
0.226114 10.1304
0.223853 9.56796
0.221614 12.0211
0.219398 8.67757
0.217204 10.4059
0.215032 9.26362
0.212882 10.1849
0.210753 10.9276
0.208645 10.3939
0.206559 9.77175
0.204493 9.27253
0.202448 7.376
0.200424 8.55523
0.198419 11.3541
0.196435 8.90679
0.194471 9.08635
0.192526 10.1739
0.190601 8.62783
0.188695 8.80618
0.186808 10.5951
0.18494 8.50612
0.183091 7.87245
0.18126 9.62949
0.179447 10.4455
0.177653 9.30941
0.175876 9.66863
0.174117 9.89081
0.172376 8.64684
0.170652 7.8561
0.168946 9.19885
0.167256 9.09916
0.165584 9.071
0.163928 7.72614
0.162289 9.84718
0.160666 7.76041
0.159059 9.03523
0.157469 7.18415
0.155894 8.00746
0.154335 8.68282
0.152792 7.6844
0.151264 7.73994
0.149751 7.83662
0.148254 7.64072
0.146771 7.2404
0.145303 6.8333
0.14385 9.0458
0.142412 8.21908
0.140988 9.13586
0.139578 8.26382
0.138182 7.72715
0.1368 7.67578
0.135432 8.44139
0.134078 7.88606
0.132737 9.09702
0.13141 8.092
0.130096 5.87134
0.128795 6.75742
0.127507 6.3647
0.126232 6.95509
0.124969 8.30675
0.12372 6.90253
0.122482 6.49729
0.121258 6.66413
0.120045 8.28264
0.118845 7.71533
0.117656 6.87881
0.11648 5.95704
0.115315 6.91631
0.114162 6.22243
0.11302 5.54411
0.11189 6.03716
0.110771 5.70557
0.109663 5.79058
0.108567 6.63187
0.107481 8.12627
0.106406 6.9788
0.105342 6.84521
0.104289 6.93555
0.103246 6.01518
0.102213 5.39608
0.101191 6.20082
0.100179 6.23768
0.0991774 6.39567
0.0981856 6.33516
0.0972038 6.96957
0.0962317 6.77094
0.0952694 5.96549
0.0943167 5.79559
0.0933736 5.94488
0.0924398 6.42331
0.0915154 6.46607
0.0906003 5.84832
0.0896943 6.22917
0.0887973 6.46668
0.0879094 5.96758
0.0870303 6.01113
0.08616 6.36796
0.0852984 6.20889
0.0844454 6.25827
0.0836009 5.64462
0.0827649 5.73217
0.0819373 6.20284
0.0811179 5.47121
0.0803067 6.38597
0.0795036 5.68098
0.0787086 5.65298
0.0779215 5.97822
0.0771423 5.74049
0.0763709 5.8002
0.0756072 5.44358
0.0748511 5.03181
0.0741026 5.0082
0.0733616 5.09904
0.0726279 5.08695
0.0719017 5.42009
0.0711827 5.1711
0.0704708 5.13875
0.0697661 5.30953
0.0690685 5.50021
0.0683778 5.47011
0.067694 5.99065
0.0670171 5.77976
0.0663469 5.20052
0.0656834 5.11285
0.0650266 5.10155
0.0643763 5.22957
0.0637326 5.22125
0.0630952 5.1741
0.0624643 5.1646
0.0618396 5.35227
0.0612212 5.10104
0.060609 4.94426
0.0600029 4.98616
0.0594029 5.34871
0.0588089 5.04861
0.0582208 4.95319
0.0576386 5.43527
0.0570622 5.60244
0.0564916 5.37627
0.0559267 5.07755
0.0553674 5.49712
0.0548137 5.11047
0.0542656 5.10816
0.0537229 5.11524
0.0531857 5.0537
0.0526538 5.63505
0.0521273 5.02945
0.051606 5.23413
0.05109 5.04839
0.0505791 5.02007
0.0500733 5.10062
0.0495725 4.82369
0.0490768 4.80789
0.048586 4.88851
0.0481002 4.92173
0.0476192 5.04627
0.047143 4.86554
0.0466716 4.96351
0.0462048 5.0132
0.0457428 4.82346
0.0452854 5.11378
0.0448325 5.49959
0.0443842 5.17531
0.0439403 5.0372
0.0435009 4.78691
0.0430659 4.81982
0.0426353 4.81365
0.0422089 5.03204
0.0417868 4.71987
0.041369 4.91072
0.0409553 4.87732
0.0405457 4.73196
0.0401403 4.80791
0.0397389 4.86872
0.0393415 4.72675
0.0389481 4.85618
0.0385586 4.7977
0.038173 4.91613
0.0377913 4.77004
0.0374134 4.80448
0.0370392 4.73274
0.0366688 4.79503
0.0363021 4.92522
0.0359391 4.88271
0.0355797 4.85379
0.0352239 5.16398
0.0348717 4.70405
0.034523 4.91769
0.0341777 4.81063
0.033836 5.02089
0.0334976 4.92137
0.0331626 4.85582
0.032831 4.82963
0.0325027 4.94587
0.0321777 4.94387
0.0318559 4.70785
0.0315373 4.77004
0.031222 4.83947
0.0309097 4.82219
0.0306006 4.72931
0.0302946 4.73491
0.0299917 4.8474
0.0296918 4.81912
0.0293949 4.70872
0.0291009 4.7856
0.0288099 4.70405
0.0285218 4.815
0.0282366 4.79815
0.0279542 4.73199
0.0276747 4.80972
0.0273979 4.78784
0.0271239 4.72395
0.0268527 4.88144
0.0265842 4.71425
0.0263183 4.74588
0.0260552 4.69922
0.0257946 4.84406
0.0255367 4.73743
0.0252813 4.73158
0.0250285 4.81914
0.0247782 4.71425
0.0245304 4.74835
0.0242851 4.77863
0.0240423 4.77707
0.0238018 4.74872
0.0235638 4.74198
0.0233282 4.80761
0.0230949 4.85082
0.0228639 4.71164
0.0226353 4.70785
0.022409 4.81229
0.0221849 4.74019
0.021963 4.74661
0.0217434 4.72395
0.0215259 4.84333
0.0213107 4.75311
0.0210976 4.72248
0.0208866 4.71696
0.0206777 4.75618
0.020471 4.71462
0.0202663 4.7033
0.0200636 4.69098
0.019863 4.69098
0.0196643 4.79459
0.0194677 4.71462
0.019273 4.78887
0.0190803 4.78179
0.0188895 4.7449
0.0187006 4.72931
0.0185136 4.70605
0.0183284 4.71428
0.0181452 4.70419
0.0179637 4.75878
0.0177841 4.75878
0.0176062 4.73216
0.0174302 4.71987
0.0172559 4.75606
0.0170833 4.7294
0.0169125 4.69098
0.0167433 4.76344
0.0165759 4.76664
0.0164102 4.69581
0.016246 4.69581
0.0160836 4.70872
0.0159228 4.72285
0.0157635 4.7245
0.0156059 4.74018
0.0154498 4.78476
0.0152953 4.69581
0.0151424 4.69098
0.014991 4.71852
0.014841 4.72967
0.0146926 4.69581
0.0145457 4.69098
0.0144003 4.69922
0.0142562 4.73158
0.0141137 4.69098
0.0139726 4.69581
0.0138328 4.70419
0.0136945 4.7033
0.0135576 4.72657
0.013422 4.71987
0.0132878 4.72801
0.0131549 4.72746
0.0130233 4.70872
0.0128931 4.70785
0.0127642 4.79183
0.0126365 4.75411
0.0125102 4.71425
0.0123851 4.73551
0.0122612 4.69581
0.0121386 4.69922
0.0120172 4.71696
0.011897 4.71164
0.0117781 4.71243
0.0116603 4.70872
0.0115437 4.73199
0.0114282 4.69098
0.011314 4.69922
0.0112008 4.73219
0.0110888 4.72395
0.0109779 4.73107
0.0108681 4.72967
0.0107595 4.72967
0.0106519 4.73158
0.0105454 4.73196
0.0104399 4.75522
0.0103355 4.74612
0.0102321 4.7033
0.0101298 4.7294
0.0100285 4.69098
0.00992824 4.69581
0.00982896 4.69581
0.00973067 4.74566
0.00963336 4.71967
0.00953703 4.74575
0.00944166 4.73274
0.00934724 4.71987
0.00925377 4.71713
0.00916123 4.71154
0.00906962 4.70605
0.00897892 4.70605
0.00888913 4.74752
0.00880024 4.72746
0.00871224 4.72746
0.00862512 4.70419
0.00853887 4.7089
0.00845348 4.71164
0.00836894 4.73199
0.00828525 4.70785
0.0082024 4.70405
0.00812038 4.69581
0.00803917 4.69098
0.00795878 4.69922
0.00787919 4.69098
0.0078004 4.69922
0.0077224 4.69922
0.00764517 4.69581
0.00756872 4.72395
0.00749303 4.69581
0.0074181 4.70419
0.00734392 4.71164
0.00727048 4.70605
0.00719778 4.71428
0.0071258 4.71713
0.00705454 4.71164
0.006984 4.7033
0.00691416 4.71164
0.00684502 4.7033
0.00677657 4.70419
0.0067088 4.70419
0.00664171 4.71243
0.0065753 4.70605
0.00650954 4.7089
0.00644445 4.71154
0.00638 4.7089
0.0063162 4.74294
0.00625304 4.71164
0.00619051 4.69098
0.00612861 4.69581
0.00606732 4.69581
0.00600665 4.69581
0.00594658 4.69098
0.00588711 4.69098
0.00582824 4.69581
0.00576996 4.69098
0.00571226 4.71425
0.00565514 4.69922
0.00559859 4.69098
0.0055426 4.69581
0.00548717 4.69098
0.0054323 4.69581
0.00537798 4.69098
0.0053242 4.69098
0.00527096 4.70872
0.00521825 4.70785
0.00516607 4.69098
0.00511441 4.69098
0.00506326 4.69098
0.00501263 4.69098
0.0049625 4.69098
0.00491288 4.69098
0.00486375 4.69098
0.00481511 4.69581
0.00476696 4.69922
0.00471929 4.69098
0.0046721 4.69098
0.00462538 4.69098
0.00457912 4.69098
0.00453333 4.69098
0.004488 4.69098
0.00444312 4.69098
0.00439869 4.69098
0.0043547 4.69581
0.00431115 4.69098
0.00426804 4.69098
0.00422536 4.69098
0.00418311 4.69098
0.00414128 4.69098
0.00409986 4.69098
0.00405887 4.69098
0.00401828 4.69098
0.00397809 4.69098
0.00393831 4.69098
0.00389893 4.69098
0.00385994 4.69098
0.00382134 4.69098
0.00378313 4.69098
0.0037453 4.69098
0.00370784 4.69098
0.00367076 4.69098
0.00363406 4.69098
0.00359772 4.69098
0.00356174 4.69098
0.00352612 4.69098
0.00349086 4.69581
0.00345595 4.69098
0.00342139 4.69581
0.00338718 4.69098
0.00335331 4.69098
0.00331977 4.69098
0.00328658 4.69098
0.00325371 4.69922
0.00322117 4.69098
0.00318896 4.69098
0.00315707 4.69098
0.0031255 4.69098
0.00309425 4.69098
0.0030633 4.69581
0.00303267 4.69581
0.00300234 4.69098
0.00297232 4.69581
0.0029426 4.69581
0.00291317 4.69098
0.00288404 4.69098
0.0028552 4.69098
0.00282665 4.69098
0.00279838 4.69098
0.0027704 4.69098
0.00274269 4.69581
0.00271527 4.69581
0.00268811 4.69581
0.00266123 4.69581
0.00263462 4.69098
0.00260827 4.69098
0.00258219 4.69098
0.00255637 4.69098
0.00253081 4.69098
0.0025055 4.69098
0.00248044 4.69922
0.00245564 4.69098
0.00243108 4.69098
0.00240677 4.69098
0.0023827 4.69098
0.00235888 4.69098
0.00233529 4.69098
0.00231193 4.69098
0.00228882 4.69098
0.00226593 4.69098
0.00224327 4.69098
0.00222084 4.69098
0.00219863 4.69098
0.00217664 4.69581
0.00215487 4.69098
0.00213333 4.69098
0.00211199 4.69922
0.00209087 4.69581
0.00206996 4.69581
0.00204926 4.69098
0.00202877 4.69098
0.00200848 4.69098
0.0019884 4.69098
0.00196851 4.69098
0.00194883 4.69581
0.00192934 4.69098
0.00191005 4.69098
0.00189095 4.69098
0.00187204 4.69098
0.00185332 4.69098
0.00183478 4.69098
0.00181644 4.69098
0.00179827 4.69098
0.00178029 4.69098
0.00176249 4.69098
0.00174486 4.69098
0.00172741 4.69098
0.00171014 4.69098
0.00169304 4.69098
0.00167611 4.69098
0.00165935 4.69098
0.00164275 4.69098
0.00162632 4.69098
0.00161006 4.69098
0.00159396 4.69098
0.00157802 4.69098
0.00156224 4.69098
0.00154662 4.69098
0.00153115 4.69098
0.00151584 4.69581
0.00150068 4.69098
0.00148568 4.69098
0.00147082 4.69098
0.00145611 4.69098
0.00144155 4.69098
0.00142713 4.69098
0.00141286 4.69581
0.00139873 4.69098
0.00138475 4.69098
0.0013709 4.69098
0.00135719 4.69581
0.00134362 4.69098
0.00133018 4.69098
0.00131688 4.69098
0.00130371 4.69098
0.00129067 4.69098
0.00127777 4.69098
0.00126499 4.69098
0.00125234 4.69098
0.00123982 4.69098
0.00122742 4.69098
0.00121514 4.69098
0.00120299 4.69098
0.00119096 4.69098
0.00117905 4.69098
0.00116726 4.69098
0.00115559 4.69098
0.00114403 4.69098
0.00113259 4.69098
0.00112127 4.69098
0.00111006 4.69098
0.00109896 4.69098
0.00108797 4.69098
0.00107709 4.69098
0.00106631 4.69098
0.00105565 4.69098
0.0010451 4.69098
0.00103464 4.69098
0.0010243 4.69098
0.00101405 4.69098
0.00100391 4.69098
0.000993875 4.69098
0.000983936 4.69098
0.000974097 4.69098
0.000964356 4.69098
0.000954713 4.69098
0.000945165 4.69098
0.000935714 4.69098
0.000926357 4.69098
0.000917093 4.69098
0.000907922 4.69098
0.000898843 4.69098
0.000889855 4.69098
0.000880956 4.69098
0.000872146 4.69098
0.000863425 4.69098
0.000854791 4.69098
0.000846243 4.69098
0.00083778 4.69098
0.000829403 4.69098
0.000821109 4.69098
0.000812897 4.69098
0.000804768 4.69098
0.000796721 4.69098
0.000788754 4.69098
0.000780866 4.69098
0.000773057 4.69098
0.000765327 4.69098
0.000757674 4.69098
0.000750097 4.69098
0.000742596 4.69098
0.00073517 4.69098
0.000727818 4.69098
0.00072054 4.69098
0.000713335 4.69098
0.000706201 4.69098
0.000699139 4.69098
0.000692148 4.69098
0.000685226 4.69098
0.000678374 4.69098
0.00067159 4.69098
0.000664874 4.69098
0.000658226 4.69098
0.000651643 4.69098
0.000645127 4.69098
0.000638676 4.69098
0.000632289 4.69098
0.000625966 4.69098
0.000619706 4.69098
0.000613509 4.69098
0.000607374 4.69098
0.000601301 4.69098
0.000595288 4.69098
0.000589335 4.69098
0.000583441 4.69098
0.000577607 4.69098
0.000571831 4.69098
0.000566113 4.69098
0.000560451 4.69098
0.000554847 4.69098
0.000549298 4.69098
0.000543805 4.69098
0.000538367 4.69098
0.000532984 4.69098
0.000527654 4.69098
0.000522377 4.69098
0.000517154 4.69098
0.000511982 4.69098
0.000506862 4.69098
0.000501794 4.69098
0.000496776 4.69098
0.000491808 4.69098
0.00048689 4.69098
0.000482021 4.69098
0.000477201 4.69098
0.000472429 4.69098
0.000467704 4.69098
0.000463027 4.69098
0.000458397 4.69098
0.000453813 4.69098
0.000449275 4.69098
0.000444782 4.69098
0.000440334 4.69098
0.000435931 4.69098
0.000431572 4.69098
0.000427256 4.69098
0.000422983 4.69098
0.000418754 4.69098
0.000414566 4.69098
0.00041042 4.69098
0.000406316 4.69098
0.000402253 4.69098
0.000398231 4.69098
0.000394248 4.69098
0.000390306 4.69098
0.000386403 4.69098
0.000382539 4.69098
0.000378713 4.69098
0.000374926 4.69098
0.000371177 4.69098
0.000367465 4.69098
0.00036379 4.69098
0.000360153 4.69098
0.000356551 4.69098
0.000352986 4.69098
0.000349456 4.69098
0.000345961 4.69098
0.000342502 4.69098
0.000339076 4.69098
0.000335686 4.69098
0.000332329 4.69098
0.000329006 4.69098
0.000325716 4.69098
0.000322458 4.69098
0.000319234 4.69098
0.000316041 4.69098
0.000312881 4.69098
0.000309752 4.69098
0.000306655 4.69098
0.000303588 4.69098
0.000300552 4.69098
0.000297547 4.69098
0.000294571 4.69098
0.000291626 4.69098
0.000288709 4.69098
0.000285822 4.69098
0.000282964 4.69098
0.000280134 4.69098
0.000277333 4.69098
0.00027456 4.69098
0.000271814 4.69098
0.000269096 4.69098
0.000266405 4.69098
0.000263741 4.69098
0.000261104 4.69098
0.000258492 4.69098
0.000255908 4.69098
0.000253348 4.69098
0.000250815 4.69098
0.000248307 4.69098
0.000245824 4.69098
0.000243366 4.69098
0.000240932 4.69098
0.000238523 4.69098
0.000236137 4.69098
0.000233776 4.69098
0.000231438 4.69098
0.000229124 4.69098
0.000226833 4.69098
0.000224564 4.69098
0.000222319 4.69098
0.000220095 4.69098
0.000217894 4.69098
0.000215716 4.69098
0.000213558 4.69098
0.000211423 4.69098
0.000209309 4.69098
0.000207215 4.69098
0.000205143 4.69098
0.000203092 4.69098
0.000201061 4.69098
0.00019905 4.69098
0.00019706 4.69098
0.000195089 4.69098
0.000193138 4.69098
0.000191207 4.69098
0.000189295 4.69098
0.000187402 4.69098
0.000185528 4.69098
0.000183673 4.69098
0.000181836 4.69098
0.000180018 4.69098
0.000178217 4.69098
0.000176435 4.69098
0.000174671 4.69098
0.000172924 4.69098
0.000171195 4.69098
0.000169483 4.69098
0.000167788 4.69098
0.00016611 4.69098
0.000164449 4.69098
0.000162805 4.69098
0.000161177 4.69098
0.000159565 4.69098
0.000157969 4.69098
0.00015639 4.69098
0.000154826 4.69098
0.000153277 4.69098
0.000151745 4.69098
0.000150227 4.69098
0.000148725 4.69098
0.000147238 4.69098
0.000145765 4.69098
0.000144308 4.69098
0.000142865 4.69098
0.000141436 4.69098
0.000140022 4.69098
0.000138621 4.69098
0.000137235 4.69098
0.000135863 4.69098
0.000134504 4.69098
0.000133159 4.69098
0.000131827 4.69098
0.000130509 4.69098
0.000129204 4.69098
0.000127912 4.69098
0.000126633 4.69098
0.000125367 4.69098
0.000124113 4.69098
0.000122872 4.69098
0.000121643 4.69098
0.000120427 4.69098
0.000119222 4.69098
0.00011803 4.69098
0.00011685 4.69098
0.000115681 4.69098
0.000114525 4.69098
0.000113379 4.69098
0.000112246 4.69098
0.000111123 4.69098
0.000110012 4.69098
0.000108912 4.69098
0.000107823 4.69098
0.000106744 4.69098
0.000105677 4.69098
0.00010462 4.69098
0.000103574 4.69098
0.000102538 4.69098
0.000101513 4.69098
0.000100498 4.69098
9.94927e-05 4.69098
9.84978e-05 4.69098
9.75128e-05 4.69098
9.65377e-05 4.69098
9.55723e-05 4.69098
9.46166e-05 4.69098
9.36704e-05 4.69098
9.27337e-05 4.69098
9.18064e-05 4.69098
9.08883e-05 4.69098
8.99795e-05 4.69098
8.90797e-05 4.69098
8.81889e-05 4.69098
8.7307e-05 4.69098
8.64339e-05 4.69098
8.55696e-05 4.69098
8.47139e-05 4.69098
8.38667e-05 4.69098
8.30281e-05 4.69098
8.21978e-05 4.69098
8.13758e-05 4.69098
8.05621e-05 4.69098
7.97564e-05 4.69098
7.89589e-05 4.69098
7.81693e-05 4.69098
7.73876e-05 4.69098
7.66137e-05 4.69098
7.58476e-05 4.69098
7.50891e-05 4.69098
7.43382e-05 4.69098
7.35948e-05 4.69098
7.28589e-05 4.69098
7.21303e-05 4.69098
7.1409e-05 4.69098
7.06949e-05 4.69098
6.99879e-05 4.69098
6.92881e-05 4.69098
6.85952e-05 4.69098
6.79092e-05 4.69098
6.72301e-05 4.69098
6.65578e-05 4.69098
6.58923e-05 4.69098
6.52333e-05 4.69098
6.4581e-05 4.69098
6.39352e-05 4.69098
6.32958e-05 4.69098
6.26629e-05 4.69098
6.20363e-05 4.69098
6.14159e-05 4.69098
6.08017e-05 4.69098
6.01937e-05 4.69098
5.95918e-05 4.69098
5.89959e-05 4.69098
5.84059e-05 4.69098
5.78218e-05 4.69098
5.72436e-05 4.69098
5.66712e-05 4.69098
5.61045e-05 4.69098
5.55434e-05 4.69098
5.4988e-05 4.69098
5.44381e-05 4.69098
5.38937e-05 4.69098
5.33548e-05 4.69098
5.28213e-05 4.69098
5.2293e-05 4.69098
5.17701e-05 4.69098
5.12524e-05 4.69098
5.07399e-05 4.69098
5.02325e-05 4.69098
4.97302e-05 4.69098
4.92329e-05 4.69098
4.87405e-05 4.69098
4.82531e-05 4.69098
4.77706e-05 4.69098
4.72929e-05 4.69098
4.682e-05 4.69098
4.63518e-05 4.69098
4.58882e-05 4.69098
4.54294e-05 4.69098
4.49751e-05 4.69098
4.45253e-05 4.69098
4.40801e-05 4.69098
4.36393e-05 4.69098
4.32029e-05 4.69098
4.27708e-05 4.69098
4.23431e-05 4.69098
4.19197e-05 4.69098
4.15005e-05 4.69098
4.10855e-05 4.69098
4.06746e-05 4.69098
4.02679e-05 4.69098
3.98652e-05 4.69098
3.94666e-05 4.69098
3.90719e-05 4.69098
3.86812e-05 4.69098
3.82944e-05 4.69098
3.79114e-05 4.69098
3.75323e-05 4.69098
3.7157e-05 4.69098
3.67854e-05 4.69098
3.64176e-05 4.69098
3.60534e-05 4.69098
3.56929e-05 4.69098
3.53359e-05 4.69098
3.49826e-05 4.69098
3.46327e-05 4.69098
3.42864e-05 4.69098
3.39435e-05 4.69098
3.36041e-05 4.69098
3.32681e-05 4.69098
3.29354e-05 4.69098
3.2606e-05 4.69098
3.228e-05 4.69098
3.19572e-05 4.69098
3.16376e-05 4.69098
3.13212e-05 4.69098
3.1008e-05 4.69098
3.06979e-05 4.69098
3.0391e-05 4.69098
3.0087e-05 4.69098
2.97862e-05 4.69098
2.94883e-05 4.69098
2.91934e-05 4.69098
2.89015e-05 4.69098
2.86125e-05 4.69098
2.83264e-05 4.69098
2.80431e-05 4.69098
2.77627e-05 4.69098
2.7485e-05 4.69098
2.72102e-05 4.69098
2.69381e-05 4.69098
2.66687e-05 4.69098
2.6402e-05 4.69098
2.6138e-05 4.69098
2.58766e-05 4.69098
2.56179e-05 4.69098
2.53617e-05 4.69098
2.51081e-05 4.69098
2.4857e-05 4.69098
2.46084e-05 4.69098
2.43623e-05 4.69098
2.41187e-05 4.69098
2.38775e-05 4.69098
2.36387e-05 4.69098
2.34023e-05 4.69098
2.31683e-05 4.69098
2.29366e-05 4.69098
2.27073e-05 4.69098
2.24802e-05 4.69098
2.22554e-05 4.69098
2.20328e-05 4.69098
2.18125e-05 4.69098
2.15944e-05 4.69098
2.13784e-05 4.69098
2.11647e-05 4.69098
2.0953e-05 4.69098
2.07435e-05 4.69098
2.05361e-05 4.69098
2.03307e-05 4.69098
2.01274e-05 4.69098
1.99261e-05 4.69098
1.97269e-05 4.69098
1.95296e-05 4.69098
1.93343e-05 4.69098
1.91409e-05 4.69098
1.89495e-05 4.69098
1.876e-05 4.69098
1.85724e-05 4.69098
1.83867e-05 4.69098
1.82028e-05 4.69098
1.80208e-05 4.69098
1.78406e-05 4.69098
1.76622e-05 4.69098
1.74856e-05 4.69098
1.73107e-05 4.69098
1.71376e-05 4.69098
1.69662e-05 4.69098
1.67966e-05 4.69098
1.66286e-05 4.69098
1.64623e-05 4.69098
1.62977e-05 4.69098
1.61347e-05 4.69098
1.59734e-05 4.69098
1.58136e-05 4.69098
1.56555e-05 4.69098
1.5499e-05 4.69098
1.5344e-05 4.69098
1.51905e-05 4.69098
1.50386e-05 4.69098
1.48882e-05 4.69098
1.47394e-05 4.69098
1.4592e-05 4.69098
1.4446e-05 4.69098
1.43016e-05 4.69098
1.41586e-05 4.69098
1.4017e-05 4.69098
1.38768e-05 4.69098
1.3738e-05 4.69098
1.36007e-05 4.69098
1.34647e-05 4.69098
1.333e-05 4.69098
1.31967e-05 4.69098
1.30647e-05 4.69098
1.29341e-05 4.69098
1.28048e-05 4.69098
1.26767e-05 4.69098
1.25499e-05 4.69098
1.24244e-05 4.69098
1.23002e-05 4.69098
1.21772e-05 4.69098
1.20554e-05 4.69098
1.19349e-05 4.69098
1.18155e-05 4.69098
1.16974e-05 4.69098
1.15804e-05 4.69098
1.14646e-05 4.69098
1.13499e-05 4.69098
1.12364e-05 4.69098
1.11241e-05 4.69098
1.10128e-05 4.69098
1.09027e-05 4.69098
1.07937e-05 4.69098
1.06857e-05 4.69098
1.05789e-05 4.69098
1.04731e-05 4.69098
1.03684e-05 4.69098
1.02647e-05 4.69098
1.0162e-05 4.69098
1.00604e-05 4.69098
9.95981e-06 4.69098
