0 0.122649 0.169918
1 0.133804 0.0534795
2 0.233157 0.193293
3 0.257893 0.239268
4 0.501858 0.024284
5 0.67838 0.0982145
6 0.705029 0.0860072
7 0.776048 0.0211376
8 0.813285 0.0179424
9 0.713423 0.111777
10 0.651955 0.213852
11 0.729649 0.331166
12 0.686006 0.369351
13 0.479138 0.49426
14 0.477115 0.571835
15 0.471797 0.584917
16 0.616809 0.580468
17 0.931865 0.754052
18 0.918855 0.939875
19 0.765764 0.970267
20 0.656019 0.905484
21 0.577269 0.840005
22 0.493226 0.756047
23 0.371496 0.836567
24 0.22611 0.99461
25 0.0646429 0.754654
26 0.12096 0.680137
27 0.279233 0.545858
28 0.168325 0.572439
29 0.0173017 0.583179
30 0.0527608 0.453507
31 0.0839539 0.159259
32 0.122649 0.169918
