0 -0.717438 -0.696622
1 -0.490913 -0.871209
2 -0.482167 -0.876079
3 -0.348772 -0.937208
4 -0.105596 -0.994409
5 -0.0673445 -0.99773
6 0.049608 -0.998769
7 0.182674 -0.983174
8 0.488179 -0.872744
9 0.691382 -0.722489
10 0.98434 -0.176278
11 0.98968 -0.143295
12 0.991422 -0.130703
13 0.999094 -0.0425466
14 0.99935 -0.0360588
15 0.958778 0.284157
16 0.899863 0.436172
17 0.898201 0.439585
18 0.866516 0.499149
19 0.861013 0.508582
20 0.556795 0.83065
21 0.278842 0.960337
22 0.127549 0.991832
23 -0.0292022 0.999574
24 -0.0379544 0.999279
25 -0.162898 0.986643
26 -0.517451 0.855713
27 -0.828755 0.559612
28 -0.99409 -0.108559
29 -0.991185 -0.132484
30 -0.918621 -0.395141
31 -0.857475 -0.514526
32 -0.717438 -0.696622
