0.476325   0.472683   -0.416436
-0.317789   -0.479189   -0.458272
0.417366   -0.190622   -0.23429
-0.276685   -0.315871   -0.357936
0.0719168   0.481562   -0.409054
0.17809   -0.36512   0.385031
-0.427152   -0.23225   -0.0750788
-0.136639   -0.497351   -0.377955
0.375466   -0.420203   0.390578
-0.46068   -0.345931   -0.271452
0.316339   -0.307569   -0.374041
0.257034   -0.299023   -0.164749
-0.364152   -0.122186   -0.472882
-0.336259   -0.101132   0.137723
-0.493361   -0.141894   0.348184
-0.372336   0.0493574   -0.129257
-0.254812   -0.0484513   0.345679
0.144964   0.258301   -0.0284981
-0.132563   0.333805   0.461892
0.131927   -0.045534   -0.00550745
0.103367   -0.18443   -0.225438
0.395242   0.0411788   0.491381
-0.191457   -0.0541662   -0.421018
0.258882   -0.0738049   -0.341857
0.490313   -0.0389006   -0.354182
-0.344452   0.26973   -0.446129
0.31823   0.126265   -0.315355
-0.384526   0.106334   0.454408
-0.00289948   0.174142   0.126944
0.141944   -0.422793   -0.22119
-0.166868   0.273813   -0.306689
-0.053566   0.449785   -0.203818
0.021273   0.197957   0.402413
0.257748   0.21644   0.429001
0.166589   0.307166   -0.264742
-0.000230247   -0.0314349   -0.318176
-0.346217   -0.293359   0.0989452
-0.345484   -0.435493   -0.120443
0.416994   -0.41518   0.180677
0.351548   0.362011   0.04353
-0.160129   -0.388276   -0.18644
-0.0969289   -0.163833   -0.162816
-0.173009   0.475487   0.125128
-0.104252   0.321737   0.242547
0.0557811   -0.280257   -0.0586589
0.309562   -0.228129   0.0069709
-0.0141035   -0.477347   -0.0071373
0.339151   -0.478263   -0.270969
0.356288   0.0455739   -0.13277
-0.32966   0.0814866   -0.353136
-0.301547   -0.099906   -0.239063
-0.247325   -0.102394   -0.0299546
-0.190617   0.054054   -0.199305
0.0281073   0.2198   -0.367934
-0.144265   0.124335   -0.453726
-0.176071   -0.34714   0.00172208
0.262082   -0.425048   0.0300839
0.319409   0.14873   0.069418
-0.0282611   -0.183254   0.118989
0.194456   -0.0280863   0.35111
0.331774   0.259399   -0.146687
-0.487876   0.303182   0.416431
0.487662   0.42155   -0.0990836
-0.496391   0.201795   -0.287749
-0.114406   0.23549   -0.0650025
0.154396   0.441855   -0.082137
-0.338482   0.371592   -0.262103
-0.275894   0.0806047   0.0705064
0.108193   0.106658   -0.180036
0.388816   0.312447   -0.424226
0.433422   0.251116   0.202636
-0.478647   0.25638   -0.0219198
0.427688   -0.391286   -0.104394
-0.372894   0.448258   0.0786212
-0.0350367   -0.471732   0.408146
-0.486395   0.434238   0.272429
-0.169323   -0.341457   0.254592
-0.24995   0.440298   0.342744
-0.016887   -0.308402   -0.335522
0.250784   0.466157   -0.482594
0.150619   0.431705   0.122215
-0.410294   -0.327251   0.305739
0.0548506   -0.390249   0.172444
-0.191238   -0.332188   0.45083
-0.493924   -0.29138   0.493344
-0.0564497   -0.18948   -0.47985
0.439287   -0.229047   0.181244
-0.210433   0.150017   0.303015
0.0529268   -0.231268   0.301955
-0.14829   -0.00099164   0.163261
-0.0508986   -0.00509914   0.413515
0.153633   -0.173565   -0.489581
0.26695   -0.294956   0.206333
-0.498475   -0.0707162   0.0102125
0.0552012   -0.0246909   0.207978
0.315785   -0.20361   0.376654
-0.294929   0.228061   -0.137102
-0.190176   0.422919   -0.081055
0.39886   0.0479565   0.302353
-0.369895   0.261531   0.249152
-0.409605   0.0587545   0.245787
0.0874041   0.373738   0.347372
-0.234817   0.267991   0.10811
0.13528   0.0441452   -0.454128
-0.063301   0.050893   -0.0439059
0.278427   0.359781   0.279848
0.162251   0.158685   0.259016
0.274198   -0.0684055   0.154387
