0 0 0
0.0256496 0 0
0.0512993 0 0
0.0769489 0 0
0.102599 0 0
0.128248 0 0
0.153898 0 0
0.179547 0 0
0.205197 0 0
0.230847 0 0
0.256496 0 0
0.282146 0 0
0.307796 0 0
0.333445 0 0
0.359095 0 0
0.384745 0 0
0.410394 0 0
0.436044 0 0
0.461694 0 0
0.487343 0 0
0.512993 0 0
0.538642 0 0
0.564292 0 0
0.589942 0 0
0.615591 0 0
0.641241 0 0
0.666891 0 0
0.69254 0 0
0.71819 0 0
0.74384 0 0
0.769489 0 0
0.795139 0 0
0.820788 0 0
0.846438 0 0
0.872088 0.0013696 0.000192471
0.897737 0.0272593 0.000984005
0.923387 0.178782 0.00229677
0.949037 0.600712 0.0045531
0.974686 1.26758 0.00623469
1.00034 1.95739 0.00820622
1.02599 2.436 0.0113885
1.05164 2.63726 0.0108811
1.07728 2.61875 0.010313
1.10293 2.4619 0.00906436
1.12858 2.24588 0.00907605
1.15423 2.02061 0.00765335
1.17988 1.79116 0.00725427
1.20553 1.5791 0.00688233
1.23118 1.41271 0.00647098
1.25683 1.2758 0.00730273
1.28248 1.14623 0.00642812
1.30813 1.04705 0.00541357
1.33378 0.965086 0.00588795
1.35943 0.894035 0.00565568
1.38508 0.835429 0.00504928
1.41073 0.782454 0.00402737
1.43638 0.749841 0.00461452
1.46203 0.723434 0.00376799
1.48768 0.700061 0.00417531
1.51333 0.686893 0.00434264
1.53898 0.677265 0.00399931
1.56463 0.685998 0.00421722
1.59028 0.684299 0.00387061
1.61593 0.688867 0.00377807
1.64158 0.709977 0.00396465
1.66723 0.726719 0.00359688
1.69288 0.754441 0.00358855
1.71853 0.79484 0.00413441
1.74418 0.827899 0.00401613
1.76983 0.866366 0.00411355
1.79547 0.908957 0.00423043
1.82112 0.948663 0.00486663
1.84677 0.990814 0.00421026
1.87242 1.02533 0.00398152
1.89807 1.07318 0.00387326
1.92372 1.11403 0.00411613
1.94937 1.1483 0.00356266
1.97502 1.17517 0.00419562
2.00067 1.20531 0.00393404
2.02632 1.22297 0.0042493
2.05197 1.23311 0.00455531
2.07762 1.23071 0.00410458
2.10327 1.21924 0.00401163
2.12892 1.19738 0.00358263
2.15457 1.18271 0.0043619
2.18022 1.15924 0.0037934
2.20587 1.12554 0.00418737
2.23152 1.09379 0.00346929
2.25717 1.06761 0.00389093
2.28282 1.03712 0.00367964
2.30847 1.01151 0.00369098
2.33412 0.98464 0.00347582
2.35977 0.965976 0.00343815
2.38542 0.942839 0.00312705
2.41107 0.928309 0.00307442
2.43672 0.913136 0.00321121
2.46237 0.904719 0.00296583
2.48802 0.897486 0.00279122
2.51366 0.895551 0.00279765
2.53931 0.9028 0.00332321
