-3.3648276
-3.3630086
-3.3613507
-3.364363
-3.3621109
-3.3608986
-3.3673858
-3.3652817
-3.3658821
-3.3654315
-3.3636203
-3.3655884
-3.3649738
-3.3651327
-3.3648314
-3.3610541
-3.3607442
-3.3608986
-3.362416
-3.362869
-3.365893
-3.3633183
-3.361504
-3.3593885
-3.3590883
-3.3574265
-3.3586455
-3.3613554
-3.3615108
-3.3634688
-3.3593939
-3.3637773
-3.363469
-3.3616567
-3.3595419
-3.3587871
-3.3587881
-3.3622577
-3.363617
-3.3645207
-3.3639152
-3.3646684
-3.3619551
-3.3642203
-3.36694
-3.3654287
-3.364069
-3.3631643
-3.3614987
-3.3622544
-3.3613513
-3.3575697
-3.3596891
-3.3625588
-3.3605949
-3.359237
-3.3614988
-3.3581805
-3.3572716
-3.3589286
-3.3566733
-3.3583338
-3.357881
-3.3586304
-3.3615007
-3.3618009
-3.3602978
-3.3605995
-3.3658794
-3.3618039
-3.3637638
-3.3621015
-3.3613493
-3.3614986
-3.3622524
-3.3584815
-3.3589306
-3.3611961
-3.3616501
-3.3625588
-3.3628592
-3.3634583
-3.3640658
-3.3651174
-3.3648285
-3.3637701
-3.3615055
-3.3607482
-3.3633099
-3.3630159
-3.3628654
-3.3628644
-3.361655
-3.3587853
-3.3605992
-3.3609057
-3.3649855
-3.365277
-3.361056
-3.3602957
-3.362415
-3.3621124
-3.3627228
-3.3603019
-3.3618212
-3.3630248
-3.3619757
-3.3622793
-3.3621256
-3.3592564
-3.3607685
-3.3604594
-3.3597041
-3.3607652
-3.3578931
-3.3575885
-3.3568281
-3.3581918
-3.359095
-3.3636249
-3.3661961
-3.362728
-3.3616592
-3.3602987
-3.3589337
-3.358027
-3.3580313
-3.3586317
-3.3602993
-3.361958
-3.3615075
-3.3606017
-3.3633109
-3.3645227
-3.3618021
-3.3630182
-3.3605949
-3.3599933
-3.3589331
-3.3592276
-3.3630145
-3.3646756
-3.3637686
-3.3639183
-3.3640626
-3.3619611
-3.3627113
-3.3627105
-3.3611951
-3.3643733
-3.3607408
-3.3645279
-3.3605866
-3.3604426
-3.3622544
-3.36498
-3.3640719
-3.3642271
-3.3649762
-3.3676998
-3.3689116
-3.3684547
-3.3663429
-3.3666453
-3.3675574
-3.3661912
-3.3621111
-3.3602993
-3.3593886
-3.3589365
-3.3607527
-3.361207
-3.3599977
-3.3584885
-3.3580365
-3.3592394
-3.3616545
-3.3602997
-3.3612077
-3.3615076
-3.3621208
-3.3619628
-3.3597002
-3.3619625
-3.3593919
-3.3633265
-3.3643797
-3.3634721
-3.363778
-3.3628679
-3.3602973
-3.35879
-3.3589391
-3.356519
-3.3569701
-3.3601479
-3.358942
-3.3592419
-3.3607553
-3.3599982
-3.3625694
-3.3625675
-3.3648302
-3.362122
-3.3627247
-3.3621258
-3.3649987
-3.3663563
-3.3658961
-3.3649971
-3.3634738
-3.3649928
-3.3646836
-3.3627283
-3.3639335
-3.36635
-3.3681676
-3.3661986
-3.36756
-3.3669537
-3.3675623
-3.3642353
-3.3618241
-3.3628832
-3.3592496
-3.3616622
-3.3616679
-3.3622767
-3.3643967
-3.361514
-3.362281
-3.3604665
-3.361216
-3.3619752
-3.3600154
-3.3634819
-3.3625791
-3.362273
-3.3640829
-3.3630224
-3.3612148
-3.3640888
-3.3633299
-3.3590979
-3.3589505
-3.3624187
-3.3659016
-3.3677117
-3.3668135
-3.3660498
-3.3678667
-3.3669618
-3.3678676
-3.369378
-3.3657482
-3.3668059
-3.362267
-3.3589513
-3.3584876
-3.3589514
-3.3621146
-3.3639276
-3.3672485
-3.3652869
-3.3631735
-3.3610544
-3.3615109
-3.3613597
-3.3598528
-3.3610553
-3.3618128
-3.3630223
-3.3618212
-3.3609132
-3.3634678
-3.3600103
-3.3618122
-3.3649861
-3.3657452
-3.3639289
-3.3643804
-3.364231
-3.3607532
-3.3622624
-3.3637771
-3.3657355
-3.3654295
-3.3634801
-3.359087
-3.3613574
-3.3604554
-3.3599988
-3.3633276
-3.3646859
-3.3613605
-3.359242
-3.3607511
-3.3628657
-3.3649892
-3.3615148
-3.3619684
-3.3610575
-3.3595515
-3.3605994
-3.3634757
-3.3599966
-3.3609072
-3.3587893
-3.3581916
-3.3556198
-3.3598445
-3.3581915
-3.3577338
-3.3586406
-3.3599953
-3.3604518
-3.3619541
-3.3628704
-3.3663363
-3.3663414
-3.3670968
-3.3645262
-3.3624127
-3.3615063
-3.360303
-3.361053
-3.3606053
-3.3603026
-3.3609069
-3.3634735
-3.3636179
-3.366651
-3.3678504
-3.3681563
-3.3666388
-3.3612008
-3.3578784
-3.3568182
-3.3584823
-3.3642165
-3.3660323
-3.3655859
-3.3682978
-3.3670938
-3.3648226
-3.3642183
-3.3619594
-3.3627089
-3.3621002
-3.3633194
-3.3621061
-3.3624063
-3.3655797
-3.3651219
-3.3660329
-3.3633173
-3.3624051
-3.3611994
-3.3637631
-3.3651233
-3.3666336
-3.3684335
-3.363464
-3.3611964
-3.3593827
-3.3586278
-3.3584685
-3.3614987
-3.3605953
-3.3625506
-3.3634578
-3.3640625
-3.3633028
-3.3604376
-3.3593805
-3.3620991
-3.3589212
-3.3599816
-3.3633044
-3.3655691
-3.3651151
-3.3640516
-3.3649646
-3.3625464
-3.3667768
-3.3639074
-3.3646581
-3.3626873
-3.3604307
-3.3610332
-3.3628447
-3.3661665
-3.3637468
-3.3613303
-3.3619362
-3.3604272
-3.3607344
-3.3610304
-3.3614842
-3.3589126
-3.3608843
-3.3637466
-3.3635945
-3.3645026
-3.366464
-3.3628381
-3.3640506
-3.3645117
-3.3652651
-3.3640508
-3.3639047
-3.3637532
-3.3617878
-3.3637527
-3.3631475
-3.3667732
-3.3660195
-3.3651114
-3.3634497
-3.3617822
-3.3614815
-3.3623914
-3.3610363
-3.3583159
-3.3605786
-3.3613389
-3.3604338
-3.3599785
-3.3587657
-3.3599825
-3.3626925
-3.3610342
-3.3626957
-3.3604306
-3.3592252
-3.3633071
-3.3614995
-3.3610446
-3.3631579
-3.3634605
-3.3651251
-3.3654254
-3.3652765
-3.3666428
-3.3658841
-3.3666346
-3.3655811
-3.3633093
-3.3640714
-3.3616474
-3.3599806
-3.363458
-3.3651198
-3.3620969
-3.3590734
-3.3613393
-3.3645065
-3.3619481
-3.3608896
-3.3601363
-3.3601455
-3.3618043
-3.3602938
-3.3578757
-3.3599884
-3.3607433
-3.3619581
-3.3610452
-3.361196
-3.3637672
-3.3631598
-3.3617938
-3.3630137
-3.3636038
-3.3631616
-3.3631616
-3.3630064
-3.3605862
-3.3630035
-3.3608857
-3.3602877
-3.3640614
-3.3639142
-3.3608887
-3.3639145
-3.3633068
-3.3614956
-3.3602839
-3.3602811
-3.3583223
-3.359978
-3.3590761
-3.3613376
-3.365275
-3.3648186
-3.3666342
-3.3654255
-3.3634551
-3.3633094
-3.3593849
-3.3587818
-3.361198
-3.3620971
-3.3645245
-3.362707
-3.3633139
-3.3639245
-3.3621024
-3.3648301
-3.3613473
-3.3624109
-3.3608997
-3.3619642
-3.3634616
-3.3616574
-3.3608993
-3.3619543
-3.3580294
-3.3627144
-3.3625639
-3.3661922
-3.3613604
-3.3600031
-3.360604
-3.3566727
-3.3604542
-3.3600025
-3.36091
-3.3616672
-3.3590999
-3.3550242
-3.3581906
-3.3585018
-3.3585009
-3.359711
-3.3592569
-3.3642481
-3.3634889
-3.3654493
-3.3648481
-3.3651527
-3.3664998
-3.3656062
-3.3659028
-3.3660503
-3.362884
-3.3633393
-3.3621316
-3.3615244
-3.3637904
-3.3668166
-3.3681722
-3.3672654
-3.366203
-3.3671171
-3.3680195
-3.366964
-3.3654564
-3.3666645
-3.3647046
-3.3624371
-3.3628856
-3.3609289
-3.3588078
-3.3615334
-3.3618294
-3.3604809
-3.3598784
-3.3603275
-3.3597192
-3.357907
-3.3597255
-3.3624393
-3.3625893
-3.359273
-3.359266
-3.359109
-3.3615329
-3.3635002
-3.3631952
-3.3595718
-3.3585181
-3.3613828
-3.3628966
-3.3630479
-3.3641023
-3.361383
-3.3612334
-3.3594199
-3.3594178
-3.3618354
-3.3601669
-3.3616802
-3.3622805
-3.3627365
-3.3625867
-3.3637978
-3.3675698
-3.3653037
-3.3643965
-3.3654512
-3.3633461
-3.3618278
-3.3600132
-3.3613791
-3.3622822
-3.3649937
-3.3618239
-3.3597102
-3.3616789
-3.3619794
-3.3613694
-3.3627326
-3.3624246
-3.360768
-3.3640939
-3.3630326
-3.3612283
-3.3597122
-3.3609209
-3.3625785
-3.3625891
-3.3609242
-3.3601685
-3.3609262
-3.363044
-3.3654627
-3.3681769
-3.3681715
-3.3710458
-3.3696841
-3.3675613
-3.3674173
-3.3657467
-3.3628787
-3.3642424
-3.3658929
-3.3675633
-3.3651431
-3.3645382
-3.3619664
-3.3591034
-3.356985
-3.3597058
-3.3597042
-3.3603015
-3.360003
-3.363626
-3.3648272
-3.3640888
-3.3604631
-3.360163
-3.3580376
-3.3606006
-3.3592484
-3.358792
-3.3597075
-3.3607628
-3.3637827
-3.3652965
-3.3646868
-3.3655994
-3.3664997
-3.3637872
-3.3655996
-3.3645402
-3.3646916
-3.3615147
-3.3625818
-3.3618218
-3.3642388
-3.3624238
-3.3595606
-3.3594048
-3.3595573
-3.3575901
-3.3606117
-3.3636309
-3.3615187
-3.3604575
-3.35834
-3.3583432
-3.3584943
-3.3624185
-3.3606074
-3.3606092
-3.3601545
-3.358494
-3.3603063
-3.362878
-3.3630291
-3.3606163
-3.3604607
-3.3591013
-3.3581886
-3.3603117
-3.3580492
-3.3604622
-3.3589531
-3.3565469
-3.3580528
-3.3583503
-3.3595565
-3.3588096
-3.3559309
-3.3586504
-3.3621275
-3.3622813
-3.3643994
-3.3672642
-3.3646903
-3.3666545
-3.3662035
-3.363329
-3.3637826
-3.3662022
-3.364391
-3.3663482
-3.363488
-3.3639384
-3.3624231
-3.3607619
-3.3630315
-3.363939
-3.3639442
-3.3639458
-3.3656007
-3.3633346
-3.3625801
-3.3627311
-3.3616753
-3.3653035
-3.3636318
-3.3642432
-3.3640897
-3.3630314
-3.3618308
-3.3625781
-3.3627326
-3.3619857
-3.3660546
-3.3627352
-3.3631823
-3.3633393
-3.3607699
-3.362124
-3.3610709
-3.360616
-3.3637839
-3.3668142
-3.3634777
-3.3637879
-3.36046
-3.3616713
-3.3610701
-3.3642413
-3.3660451
-3.3683185
-3.368917
-3.3660585
-3.3656049
-3.3660549
-3.36711
-3.3646949
-3.3642522
-3.3639442
-3.366509
-3.3653043
-3.3662165
-3.3649965
-3.3646982
-3.3663665
-3.3637942
-3.3656085
-3.3653051
-3.364398
-3.3642504
-3.3622897
-3.3650062
-3.3631916
-3.362436
-3.3648445
-3.3619804
-3.3646972
-3.3610718
-3.3640921
-3.3645407
-3.3646957
-3.3627329
-3.3628835
-3.3651449
-3.3662073
-3.3689259
-3.3669625
-3.3612219
-3.3622788
-3.3625779
-3.3592554
-3.3613691
-3.362733
-3.3618219
-3.3648432
-3.3628796
-3.3650002
-3.3665072
-3.3603148
-3.3580532
-3.3589532
-3.3598577
-3.3592614
-3.36001
-3.3598572
-3.3640963
-3.3657513
-3.3656019
-3.3640927
-3.3631834
-3.3639393
-3.3637862
-3.3628854
-3.3621318
-3.3613652
-3.3634872
-3.3589494
-3.3612174
-3.3655926
-3.3634725
-3.3636281
-3.3609016
-3.3600003
-3.3598492
-3.3600028
-3.359999
-3.3615127
-3.3634778
-3.3612132
-3.3624259
-3.3665032
-3.364691
-3.3607565
-3.3639383
-3.3615228
-3.3615177
-3.360765
-3.3598598
-3.3640932
-3.363177
-3.3639392
-3.3633403
-3.3630381
-3.365756
-3.3634862
-3.3631858
-3.3640973
-3.3643947
-3.3627351
-3.3612212
-3.3610703
-3.3618271
-3.3624347
-3.3595587
-3.3592626
-3.3625798
-3.3642447
-3.3636386
-3.3634829
-3.3633348
-3.3640902
-3.361213
-3.3630335
-3.3630292
-3.3634838
-3.3658967
-3.3646943
-3.3625722
-3.3640816
-3.3648346
-3.3631783
-3.3621152
-3.3612186
-3.3618165
-3.363181
-3.3636322
-3.3657459
-3.3663557
-3.3657456
-3.3646868
-3.3654314
-3.364532
-3.3649836
-3.3640792
-3.3648333
-3.362875
-3.3628772
-3.3590944
-3.361662
-3.3627147
-3.3633252
-3.3619634
-3.3619649
-3.3643826
-3.3642342
-3.3621222
-3.3645349
-3.3645346
-3.3634797
-3.3645335
-3.36454
-3.3625655
-3.3613613
-3.3611976
-3.3615156
-3.3652923
-3.3661876
-3.3639295
-3.3602977
-3.3604582
-3.3613728
-3.3634851
-3.3640813
-3.3630265
-3.3643834
-3.36363
-3.3637814
-3.3613604
-3.361961
-3.3649881
-3.3637824
-3.3658942
-3.3622706
-3.3627247
-3.3615135
-3.3603033
-3.3603006
-3.3601482
-3.3607572
-3.3616629
-3.361658
-3.3595455
-3.3590882
-3.3621166
-3.3645298
-3.3606049
-3.3571302
-3.3560749
-3.3586486
-3.3597031
-3.3578868
-3.3577419
-3.357737
-3.3595514
-3.3619664
-3.360759
-3.3604616
-3.3619688
-3.3655955
-3.3671063
-3.3662016
-3.3621175
-3.361066
-3.3606184
-3.3621235
-3.3606147
-3.3618316
-3.3633331
-3.3615281
-3.3618289
-3.3622723
-3.3628865
-3.3640858
-3.3634838
-3.3643893
-3.3640906
-3.3616735
-3.3616711
-3.3619695
-3.3603183
-3.3584977
-3.3592573
-3.3604616
-3.3589507
-3.3630358
-3.3634912
-3.3615269
-3.3639474
-3.3684679
-3.3668158
-3.3634948
-3.3648499
-3.3612318
-3.3615328
-3.3615361
-3.3604747
-3.3598722
-3.3610838
-3.3622855
-3.3609288
-3.3601798
-3.3624349
-3.3616802
