           1     69.8224     69.8224           0
           2      18.487     44.1547     18.1498
           3     73.1764     53.8286     14.4498
           4     15.6352     44.2803     13.6318
           5     45.2693     44.4781     10.9069
           6     58.6801     46.8451     9.34237
           7     59.2462     48.6167       8.174
           8     55.7926     49.5137      7.2013
           9     67.6996     51.5343     6.67863
          10     80.2087     54.4018     6.59768
          11     19.3348     51.2138      6.7241
          12     71.8781     52.9359     6.38045
          13     62.2771     53.6544     5.92997
          14     68.2194     54.6948     5.59692
          15     8.48917     51.6144       6.012
          16     62.6412     52.3036     5.67561
          17     4.70996      49.504     5.99259
          18     73.0859     50.8141     5.80111
          19      69.273     51.7856     5.57655
          20     78.3983     53.1162     5.45416
           1      48.998      48.998           0
           2     61.3835     55.1908     4.37892
           3     45.2921     51.8912     3.97243
           4     49.1712     51.2112     3.03697
           5     50.9716     51.1633     2.42995
           6     54.0286     51.6408     2.07135
           7     47.4378     51.0404     1.86044
           8     48.5823     50.7331     1.65306
           9     50.8631     50.7476     1.46945
          10     46.6151     50.3343     1.37939
          11     39.8008     49.3767     1.55117
          12     45.0807     49.0187     1.46263
          13     42.3876     48.5087     1.43632
          14     42.8821     48.1068     1.38881
          15     44.1396     47.8423     1.32117
          16     51.8159     48.0906     1.26172
          17     53.5174     48.4099     1.22722
          18     35.4378     47.6892     1.35421
          19     43.5376     47.4707     1.30045
          20     58.2386     48.0091     1.34226
           1     31.2567     31.2567           0
           2       27.58     29.4183      1.2999
           3     30.3645     29.7337     0.90405
           4     21.7627      27.741      1.8542
           5      27.747     27.7422     1.48336
           6      34.772     28.9138     1.63462
           7     34.6776     29.7372     1.59506
           8     36.0186     30.5224     1.57713
           9     33.0984     30.8086     1.42763
          10      37.382     31.4659     1.42821
          11     30.2399     31.3545     1.30271
          12     33.1002        31.5     1.20225
          13     27.0318     31.1563     1.15786
          14     31.8578     31.2064     1.07624
          15     35.4104     31.4866     1.04034
          16     27.7575     31.2536     1.00109
          17     38.0024     31.6506     1.01787
          18      34.228     31.7938    0.971346
          19     26.5713     31.5189    0.958324
          20     30.1765     31.4518    0.912755
           1     23.3847     23.3847           0
           2     22.6474      23.016    0.260681
           3     21.2096     22.4139    0.521467
           4     20.4057     21.9118    0.584809
           5     23.0569     22.1408    0.510727
           6     22.7255     22.2383    0.434802
           7     22.5786     22.2869    0.375396
           8      21.811     22.2274    0.333151
           9     20.8045     22.0693    0.331536
          10     22.9034     22.1527    0.308696
          11     22.1608     22.1535    0.280633
          12     22.2682      22.163     0.25741
          13     18.9173     21.9133    0.337635
          14     23.6317     22.0361    0.335085
          15     18.0566     21.7708    0.404353
          16     19.7827     21.6465    0.397715
          17     19.6475     21.5289    0.391317
          18     19.7884     21.4322    0.381337
          19     18.0006     21.2516    0.401769
          20     25.6269     21.4704    0.437201
           1     14.9259     14.9259           0
           2     14.1814     14.5537    0.263249
           3     17.1457     15.4177    0.726979
           4     16.0084     15.5654    0.560031
           5     14.6368     15.3796    0.477824
           6     13.3435     15.0403    0.504499
           7     17.0035     15.3207    0.504393
           8     16.7669     15.5015    0.472629
           9     17.0747     15.6763    0.451281
          10     13.4326     15.4519     0.45855
          11     14.4188      15.358    0.426374
          12     13.4552     15.1995    0.419292
          13     12.8398     15.0179    0.424512
          14     14.1937     14.9591    0.398252
          15     15.9232     15.0233    0.376853
          16     13.6325     14.9364    0.363188
          17     15.4171     14.9647    0.342922
          18     14.3788     14.9321    0.325412
          19     16.0942     14.9933     0.31398
          20     15.1709     15.0022    0.298407
           1     11.8396     11.8396           0
           2     11.1353     11.4874    0.249021
           3     12.5701     11.8483     0.33821
           4      10.278     11.4557    0.424188
           5     10.1089     11.1864    0.416182
           6      10.376     11.0513     0.36808
           7     12.2301     11.2197    0.351914
           8     12.6562     11.3993    0.350758
           9     11.8309     11.4472    0.315046
          10     10.9754     11.4001    0.287052
          11     10.3522     11.3048    0.276311
          12     11.4373     11.3158    0.253505
          13     11.1275     11.3013    0.234418
          14     10.0604     11.2127    0.233832
          15     11.8448     11.2549    0.222008
          16     10.5428     11.2104    0.212546
          17       11.44     11.2239    0.200472
          18     10.7772      11.199    0.190865
          19     10.4782     11.1611    0.184551
          20      10.081     11.1071    0.183054
           1      9.3686      9.3686           0
           2     8.63455     9.00158    0.259525
           3     8.85664     8.95326    0.177456
           4     8.06484     8.73116    0.233906
           5     8.40766     8.66646    0.195868
           6     8.56237     8.64911     0.16399
           7     9.16216      8.7224    0.156084
           8     8.89882     8.74446    0.138123
           9     8.72468     8.74226    0.122793
          10     8.38242     8.70628    0.115666
          11     9.20794     8.75188    0.113788
          12     8.73648      8.7506    0.104313
          13     8.17617     8.70641    0.105232
          14     8.13782      8.6658    0.105261
          15      8.7849     8.67374   0.0985429
          16     7.56362     8.60436    0.114227
          17     8.29604     8.58622    0.108938
          18     8.72727     8.59406    0.103168
          19     8.03866     8.56482    0.101795
          20     8.68626      8.5709   0.0968859
           1     6.29806     6.29806           0
           2     6.55594       6.427   0.0911736
           3     6.68492     6.51297   0.0928563
           4     6.76257     6.57537   0.0881496
           5     6.96551      6.6534   0.0992146
           6     6.88975     6.69279   0.0901604
           7     6.50248      6.6656   0.0812762
           8     6.58966     6.65611    0.071669
           9     6.94745     6.68848   0.0706389
          10     7.26077     6.74571    0.083603
          11     7.12719     6.78039   0.0828843
          12     6.80225     6.78221   0.0759973
          13     6.97949     6.79739   0.0716503
          14     6.34131     6.76481   0.0735664
          15     6.25071     6.73054   0.0762287
          16     7.32785     6.76787    0.080086
          17     6.92161     6.77691   0.0758839
          18     7.11226     6.79554   0.0739197
          19      6.8837     6.80018   0.0701747
          20     6.35801     6.77807   0.0700622
           1     5.57014     5.57014           0
           2     5.67275     5.62144   0.0362814
           3     5.74932     5.66407   0.0423838
           4     5.87512     5.71683   0.0556622
           5     5.34238     5.64194   0.0804351
           6      5.9965     5.70103     0.08604
           7     5.42556     5.66168   0.0822576
           8     5.92732     5.69489   0.0783912
           9     5.10326     5.62915   0.0932554
          10     5.74762       5.641   0.0846791
          11     5.07896      5.5899   0.0911008
          12     5.69152     5.59837   0.0839017
          13     5.61272     5.59947    0.077455
          14     5.35241     5.58183   0.0739055
          15     5.97258     5.60788   0.0734261
          16     5.78011     5.61864   0.0696216
          17      5.9959     5.64083   0.0689724
          18     6.12319     5.66763   0.0701535
          19      5.6936       5.669   0.0664745
          20     5.33495      5.6523   0.0652153
           1      5.0824      5.0824           0
           2     4.55633     4.81936    0.185992
           3     4.60344     4.74739    0.137216
           4     4.80723     4.76235    0.103725
           5     4.80289     4.77046   0.0832962
           6     4.88311     4.78923   0.0714983
           7      4.2363     4.71024   0.0954142
           8     4.65897     4.70383   0.0837025
           9     4.61428     4.69388   0.0749913
          10     4.65198     4.68969   0.0676092
          11     4.80886     4.70053   0.0623248
          12      4.5415     4.68727   0.0585231
          13     4.45478     4.66939   0.0566881
          14     4.91694     4.68707    0.055328
          15     4.59922     4.68122   0.0519485
          16     4.75107     4.68558   0.0488848
          17     4.83623     4.69444   0.0468055
          18     4.44391     4.68052   0.0462284
          19     4.80659     4.68716   0.0442689
          20     4.70189      4.6879   0.0420616
           1     3.99702     3.99702           0
           2     4.12791     4.06246   0.0462767
           3     4.19816     4.10769   0.0481217
           4     4.10718     4.10756   0.0360914
           5     3.83166     4.05238   0.0571801
           6     4.03758     4.04992   0.0477033
           7     4.02425     4.04625   0.0410293
           8     3.70766     4.00393   0.0534433
           9     4.10931     4.01563    0.048771
          10     3.84133      3.9982   0.0469055
          11     4.01727     3.99994   0.0426734
          12     3.95002     3.99578   0.0393195
          13     4.16116      4.0085   0.0382978
          14     3.92318     4.00241   0.0360439
          15     3.86844     3.99347   0.0347298
          16     3.85502     3.98482     0.03362
          17     3.86014     3.97749   0.0324325
          18      4.1393     3.98648   0.0318522
          19     4.17951     3.99664   0.0317548
          20     3.78684     3.98615   0.0318526
           1     3.34206     3.34206           0
           2     3.40514      3.3736   0.0223023
           3     3.43947     3.39555   0.0232918
           4     3.33961     3.38157   0.0212571
           5     3.46824      3.3989   0.0230121
           6     3.42058     3.40252   0.0194585
           7     3.36237     3.39678   0.0175034
           8     3.39098     3.39606   0.0153305
           9     3.44654     3.40167   0.0146174
          10     3.05101      3.3666   0.0357727
          11     3.24983     3.35599   0.0340592
          12     4.06471     3.41505   0.0645925
          13     3.31743     3.40754   0.0600588
          14     3.35057     3.40347   0.0559065
          15     3.52481     3.41156   0.0527614
          16     3.53252     3.41912   0.0500026
          17     3.43852     3.42026   0.0470743
          18     3.38762     3.41845   0.0444939
          19     3.35367     3.41504   0.0422826
          20     3.19849     3.40421   0.0415316
           1     2.96406     2.96406           0
           2     3.08545     3.02476   0.0429169
           3     2.87905     2.97619   0.0488999
           4     3.10732     3.00897   0.0463801
           5     2.99147     3.00547   0.0372359
           6      2.7705     2.96631   0.0473381
           7     3.13911       2.991   0.0465695
           8     3.02182     2.99485   0.0409073
           9     2.91376     2.98584    0.037341
          10     2.71364     2.95862    0.042382
          11     3.06426     2.96822   0.0396023
          12     3.00812     2.97155   0.0364414
          13      2.9637     2.97094   0.0336432
          14     2.96218     2.97032    0.031246
          15      2.9355       2.968    0.029249
          16     2.95248     2.96703    0.027437
          17     3.16484     2.97866   0.0281828
          18     2.87383     2.97284   0.0272121
          19      3.0587     2.97736   0.0261525
          20     2.81738     2.96936   0.0260394
           1     2.71134     2.71134           0
           2      2.6401     2.67572   0.0251862
           3     2.62207     2.65784   0.0222523
           4     2.79903     2.69314   0.0348287
           5     2.55544      2.6656   0.0371902
           6     2.54793     2.64599    0.035791
           7     2.55683     2.63325   0.0328664
           8     2.67871     2.63893   0.0292451
           9     2.48223     2.62152   0.0307448
          10     2.49095     2.60846   0.0303164
          11     2.54414     2.60261   0.0281187
          12     2.66002      2.6074   0.0261792
          13     2.47282     2.59705   0.0261323
          14     2.45592     2.58697   0.0261379
          15     2.61433     2.58879   0.0244589
          16      2.6141     2.59037   0.0229813
          17     2.63842      2.5932   0.0218026
          18     2.58907     2.59297   0.0205925
          19     2.52095     2.58918   0.0198545
          20     2.76004     2.59772   0.0206179
           1     2.41657     2.41657           0
           2     2.24655     2.33156   0.0601143
           3     2.43496     2.36603   0.0489705
           4     2.32296     2.35526   0.0378928
           5     2.29046      2.3423   0.0324551
           6       2.229     2.32342   0.0320721
           7     2.30705     2.32108   0.0275755
           8     2.35575     2.32541   0.0244668
           9     2.33883      2.3269   0.0217936
          10     2.25875     2.32009   0.0206524
          11     2.24856     2.31359   0.0197721
          12       2.352     2.31679   0.0183817
          13     2.36113      2.3202   0.0172813
          14      2.4578     2.33003   0.0186334
          15     2.38835     2.33392   0.0177922
          16     2.49379     2.34391    0.019283
          17     2.21206     2.33615   0.0196465
          18     2.36256     2.33762   0.0186098
          19      2.4321     2.34259   0.0182826
          20     2.36549     2.34374   0.0174043
           1     2.03909     2.03909           0
           2     2.08454     2.06182   0.0160693
           3     2.10823     2.07729    0.016563
           4      2.1223     2.08854   0.0157889
           5     2.02711     2.07626   0.0167423
           6     2.08538     2.07778   0.0140207
           7     2.04643      2.0733   0.0127127
           8     2.09026     2.07542   0.0112991
           9     2.10568     2.07878   0.0105319
          10     2.04277     2.07518   0.0100756
          11     2.08679     2.07624  0.00921479
          12      2.1215     2.08001  0.00918666
          13     2.30566     2.09737    0.018709
          14     2.05458     2.09431   0.0176205
          15     1.95633     2.08511   0.0186933
          16     2.10902     2.08661   0.0175846
          17     2.08647      2.0866   0.0165502
          18     1.94671     2.07883   0.0173597
          19     2.13841     2.08196   0.0167268
          20     2.05334     2.08053   0.0159516
           1     1.89861     1.89861           0
           2     1.92678      1.9127  0.00995952
           3     1.81252     1.87931   0.0280633
           4     1.97357     1.90287   0.0293182
           5      1.8179     1.88588   0.0279493
           6     1.81804     1.87457   0.0254754
           7     1.87053     1.87399   0.0218426
           8     1.94923      1.8834   0.0210398
           9     1.99801     1.89613   0.0222243
          10     1.83158     1.88968   0.0209185
          11     1.94318     1.89454   0.0195741
          12     1.92935     1.89744   0.0181565
          13     1.94759      1.9013   0.0171647
          14     2.03238     1.91066    0.018315
          15     1.88678     1.90907   0.0171631
          16     1.98937     1.91409   0.0168082
          17     1.82405     1.90879    0.016633
          18     1.95575      1.9114   0.0159122
          19     1.89972     1.91079   0.0150866
          20     1.99149     1.91482   0.0148621
           1     1.64838     1.64838           0
           2     1.65603     1.65221  0.00270215
           3     1.74923     1.68455   0.0264673
           4     1.79977     1.71335   0.0318799
           5     1.70606     1.71189   0.0255373
           6     1.77475     1.72237   0.0233312
           7     1.66172      1.7137   0.0215468
           8     1.71249     1.71355    0.018854
           9     1.69306     1.71128    0.016896
          10     1.77874     1.71802   0.0164986
          11     1.65242     1.71206   0.0160405
          12      1.7687     1.71678   0.0153825
          13     1.82078     1.72478   0.0161462
          14     1.73991     1.72586    0.015029
          15     1.67004     1.72214   0.0144805
          16     1.80894     1.72756   0.0145563
          17     1.64294     1.72259   0.0145263
          18     1.75361     1.72431   0.0138212
          19     1.62485     1.71907   0.0140502
          20     1.81584     1.72391   0.0141563
           1     1.56719     1.56719           0
           2      1.5679     1.56754 0.000248613
           3     1.58392       1.573  0.00445995
           4     1.59756     1.57914  0.00628171
           5      1.6103     1.58537  0.00750473
           6     1.56179     1.58144  0.00721007
           7     1.63231     1.58871  0.00913534
           8     1.54808     1.58363  0.00929894
           9     1.58086     1.58332  0.00827082
          10      1.5565     1.58064  0.00786655
          11     1.60527     1.58288  0.00746321
          12     1.52346     1.57793  0.00832318
          13     1.61198     1.58055  0.00808463
          14      1.6394     1.58475  0.00853019
          15     1.56993     1.58376  0.00801853
          16     1.56659     1.58269  0.00758891
          17     1.57683     1.58235  0.00715033
          18     1.62297      1.5846  0.00710031
          19     1.57514      1.5841  0.00674406
          20     1.55716     1.58276  0.00654001
           1     1.44863     1.44863           0
           2     1.52348     1.48606    0.026463
           3     1.51937     1.49716   0.0198355
           4     1.45784     1.48733   0.0171403
           5     1.41791     1.47345   0.0184999
           6     1.45973     1.47116   0.0155572
           7     1.47245     1.47135   0.0133358
           8     1.46574     1.47065   0.0116872
           9     1.47894     1.47157   0.0104249
          10      1.4731     1.47172  0.00938356
          11     1.42479     1.46745  0.00945089
          12     1.40302     1.46208   0.0100739
          13     1.51328     1.46602   0.0100394
          14     1.43684     1.46394  0.00953627
          15     1.49068     1.46572  0.00906558
          16     1.46164     1.46547  0.00850257
          17      1.4686     1.46565  0.00800442
          18     1.45586     1.46511  0.00757819
          19     1.50686      1.4673  0.00749114
          20     1.35039     1.46146  0.00911648
           1     1.32907     1.32907           0
           2     1.38374     1.35641   0.0193287
           3     1.41399      1.3756   0.0202886
           4     1.37282      1.3749   0.0152284
           5     1.37621     1.37517   0.0121849
           6      1.3429     1.36979   0.0112784
           7     1.32193     1.36295   0.0115551
           8     1.38744     1.36601   0.0105083
           9      1.3554     1.36483  0.00940668
          10     1.38923     1.36727  0.00877675
          11     1.39812     1.37008  0.00841493
          12     1.37447     1.37044  0.00772164
          13     1.36711     1.37019  0.00713194
          14     1.34113     1.36811  0.00691793
          15     1.33634     1.36599   0.0067732
          16     1.36874     1.36616  0.00635205
          17     1.38298     1.36715  0.00605491
          18     1.35419     1.36643  0.00576117
          19     1.36695     1.36646  0.00545801
          20     1.35758     1.36602  0.00520312
