           1    0.364355    0.364355           0
           2    0.390643    0.377499  0.00929396
           3     0.31078    0.355259   0.0191867
           4    0.357837    0.355904   0.0144008
           5    0.363389    0.357401   0.0115982
           6     0.40024    0.364541   0.0116574
           7    0.368472    0.365102   0.0100056
           8    0.362296    0.364751  0.00876106
           9    0.364913    0.364769  0.00778763
          10    0.355611    0.363854  0.00706252
          11    0.274477    0.355728   0.0100618
          12    0.424854    0.361489   0.0107465
          13    0.285159    0.355617   0.0114117
          14    0.314372    0.352671   0.0109703
          15    0.301574    0.349265   0.0107548
          16    0.337968    0.348559   0.0101058
          17    0.196406    0.339609   0.0128786
          18    0.360657    0.340778   0.0122161
          19    0.377588    0.342715   0.0117258
          20    0.341951    0.342677   0.0111395
           1     0.44098     0.44098           0
           2    0.342778    0.391879   0.0347196
           3    0.397643      0.3938   0.0231995
           4    0.390459    0.392965   0.0174147
           5    0.374415    0.389255   0.0143215
           6    0.411021    0.392882   0.0123855
           7    0.364613    0.388844   0.0112553
           8      0.4029    0.390601  0.00998461
           9    0.391941     0.39075  0.00887632
          10    0.383917    0.390067  0.00801494
          11    0.425982    0.393332   0.0079235
          12    0.404736    0.394282  0.00731998
          13    0.385827    0.393632  0.00678574
          14    0.384384    0.392971  0.00633311
          15    0.403191    0.393652  0.00594744
          16     0.37509    0.392492  0.00568776
          17    0.409701    0.393504  0.00544251
          18    0.400892    0.393915   0.0051556
          19    0.411475    0.394839  0.00496641
          20    0.439482    0.397071  0.00519555
           1    0.408224    0.408224           0
           2    0.421021    0.414623  0.00452424
           3    0.419947    0.416397  0.00334617
           4    0.362084    0.402819    0.012024
           5    0.392145    0.400684  0.00980687
           6    0.428326    0.405291  0.00919101
           7    0.452955      0.4121   0.0100898
           8    0.488686    0.421673   0.0125751
           9    0.442968    0.424039   0.0113983
          10    0.481998    0.429835   0.0116391
          11    0.468767    0.433375   0.0111061
          12    0.469464    0.436382     0.01058
          13    0.449408    0.437384  0.00981346
          14    0.429304    0.436807  0.00912945
          15     0.44138    0.437112  0.00852591
          16    0.394118    0.434425  0.00840584
          17    0.455831    0.435684  0.00800514
          18    0.406631     0.43407  0.00772141
          19    0.387529     0.43162  0.00769376
          20    0.408224     0.43045  0.00739747
           1    0.486058    0.486058           0
           2    0.432938    0.459498    0.018781
           3    0.451256    0.456751     0.01272
           4    0.425296    0.448887   0.0117213
           5    0.470405    0.453191   0.0101364
           6    0.436187    0.450357  0.00883427
           7    0.483881    0.455146  0.00877486
           8    0.473134    0.457394  0.00796087
           9    0.449583    0.456526  0.00712349
          10    0.421411    0.453015  0.00722497
          11     0.44985    0.452727  0.00657389
          12    0.403774    0.448648  0.00718109
          13    0.437354    0.447779  0.00668104
          14    0.462731    0.448847  0.00628861
          15     0.42345    0.447154  0.00609304
          16    0.378872    0.442886  0.00705007
          17    0.419336    0.441501  0.00677009
          18    0.403376    0.439383  0.00671714
          19    0.401937    0.437412  0.00664644
          20    0.405837    0.435833  0.00649891
           1    0.454904    0.454904           0
           2     0.45188    0.453392  0.00106925
           3    0.445018      0.4506  0.00238792
           4    0.446329    0.449533  0.00201563
           5    0.428705    0.445367  0.00405979
           6    0.436142     0.44383  0.00366272
           7    0.479761    0.448963  0.00569566
           8     0.45698    0.449965   0.0050711
           9    0.464919    0.451626  0.00477209
          10    0.438816    0.450345  0.00446351
          11    0.433202    0.448787  0.00432127
          12    0.424036    0.446724  0.00442612
          13    0.441492    0.446322  0.00410391
          14    0.430508    0.445192  0.00396317
          15     0.47923    0.447461  0.00429981
          16    0.448302    0.447514  0.00403139
          17    0.456429    0.448038  0.00382821
          18    0.455411    0.448448  0.00363738
          19    0.456154    0.448853  0.00346847
          20    0.404374     0.44663  0.00394411
           1    0.428427    0.428427           0
           2    0.426899    0.427663 0.000540428
           3    0.438515     0.43128  0.00297556
           4     0.43138    0.431305  0.00223177
           5    0.430481     0.43114   0.0017915
           6    0.450035     0.43429  0.00323925
           7     0.44774    0.436211  0.00329755
           8    0.459004     0.43906  0.00392786
           9    0.430182    0.438074  0.00361318
          10    0.451517    0.439418    0.003493
          11      0.4551    0.440844  0.00345416
          12    0.437699    0.440582  0.00317624
          13    0.438757    0.440441  0.00293501
          14    0.444146    0.440706  0.00273727
          15    0.438718    0.440573  0.00255799
          16    0.438709    0.440457  0.00240077
          17     0.42701    0.439666  0.00238631
          18    0.422334    0.438703  0.00244027
          19    0.448174    0.439202   0.0023622
          20    0.409339    0.437708  0.00267468
           1    0.409201    0.409201           0
           2    0.411997    0.410599 0.000988221
           3    0.430931    0.417376  0.00557282
           4    0.437224    0.422338  0.00599448
           5    0.413618    0.420594   0.0050429
           6    0.426685    0.421609  0.00430337
           7    0.436493    0.423736  0.00418104
           8    0.430283    0.424554  0.00373766
           9     0.43011    0.425171  0.00337296
          10    0.455727    0.428227   0.0041974
          11    0.450579    0.430259  0.00427952
          12    0.427603    0.430038  0.00392861
          13    0.414132    0.428814  0.00381217
          14    0.421263    0.428275  0.00357782
          15    0.433236    0.428605  0.00335456
          16      0.4329    0.428874  0.00315562
          17    0.434425      0.4292  0.00298684
          18    0.408715    0.428062  0.00302997
          19    0.416732    0.427466  0.00292859
          20    0.410198    0.426603  0.00290665
           1    0.417437    0.417437           0
           2     0.41525    0.416344 0.000773047
           3    0.407339    0.413342  0.00250432
           4     0.42693    0.416739  0.00349039
           5    0.394742     0.41234  0.00482507
           6    0.416698    0.413066  0.00407519
           7    0.397878    0.410896  0.00402944
           8    0.399364    0.409455  0.00377481
           9    0.403182    0.408758  0.00341912
          10    0.412788    0.409161  0.00310087
          11    0.414737    0.409668  0.00286011
          12    0.421235    0.410632  0.00277946
          13    0.426534    0.411855  0.00282202
          14     0.40894    0.411647  0.00262812
          15    0.417234    0.412019  0.00247916
          16    0.414987    0.412205  0.00233114
          17    0.400394     0.41151  0.00229521
          18    0.397194    0.410715  0.00230137
          19    0.405437    0.410437  0.00219695
          20    0.418445    0.410837  0.00212327
           1    0.387824    0.387824           0
           2    0.404398    0.396111  0.00585969
           3    0.398788    0.397004  0.00397384
           4    0.396892    0.396976  0.00298048
           5    0.404418    0.398464  0.00273083
           6    0.400639    0.398827  0.00229963
           7    0.402111    0.399296  0.00201842
           8     0.40577    0.400105  0.00192151
           9    0.424295    0.402793  0.00305589
          10    0.392626    0.401776  0.00291451
          11    0.372565    0.399121  0.00366482
          12    0.400033    0.399197  0.00336021
          13    0.400816    0.399321  0.00310404
          14    0.400177    0.399382  0.00288292
          15    0.400805    0.399477  0.00269229
          16    0.394639    0.399175  0.00254094
          17    0.395556    0.398962  0.00240038
          18    0.392761    0.398617  0.00229161
          19    0.393807    0.398364  0.00218494
          20    0.390832    0.397988   0.0021079
           1    0.380524    0.380524           0
           2    0.368232    0.374378  0.00434576
           3    0.365397    0.371384  0.00379052
           4    0.369039    0.370798  0.00288789
           5    0.373467    0.371332  0.00235913
           6    0.382423     0.37318  0.00259091
           7    0.378129    0.373887  0.00231522
           8    0.368229     0.37318  0.00213111
           9    0.368482    0.372658  0.00195722
          10    0.376824    0.373075   0.0018053
          11    0.393409    0.374923  0.00240835
          12    0.377501    0.375138  0.00221722
          13    0.385385    0.375926  0.00218228
          14    0.378587    0.376116  0.00203466
          15    0.367599    0.375548  0.00197666
          16    0.379134    0.375773  0.00186578
          17    0.372463    0.375578  0.00176615
          18    0.374185      0.3755  0.00166972
          19    0.384267    0.375962  0.00164436
          20    0.359435    0.375136  0.00175756
           1    0.350873    0.350873           0
           2    0.368147     0.35951   0.0061074
           3    0.366575    0.361865  0.00450282
           4    0.352427    0.359506  0.00394718
           5    0.348467    0.357298  0.00372436
           6    0.360943    0.357905   0.0031528
           7    0.350993    0.356918  0.00285284
           8    0.356899    0.356916  0.00249623
           9    0.351687    0.356335  0.00228547
          10    0.367688     0.35747  0.00232185
          11    0.349208    0.356719  0.00222896
          12    0.364773     0.35739  0.00214189
          13    0.371463    0.358473    0.002234
          14    0.355459    0.358257  0.00208478
          15    0.373487    0.359273  0.00217905
          16    0.368875    0.359873  0.00212389
          17    0.355037    0.359588  0.00201791
          18    0.343856    0.358714  0.00208652
          19    0.357459    0.358648  0.00197775
          20     0.34682    0.358057  0.00196529
           1     0.33596     0.33596           0
           2    0.328626    0.332293  0.00259286
           3    0.333936    0.332841  0.00178549
           4    0.335575    0.333524  0.00146411
           5    0.344723    0.335764  0.00232065
           6    0.335993    0.335802  0.00193419
           7    0.329562    0.334911  0.00185197
           8    0.326451    0.333853  0.00189851
           9    0.326868    0.333077   0.0018394
          10    0.332281    0.332997  0.00165719
          11     0.33392    0.333081  0.00150865
          12    0.333291    0.333099  0.00138303
          13    0.335448    0.333279   0.0012884
          14    0.339086    0.333694  0.00126136
          15    0.337092    0.333921  0.00119744
          16    0.341751     0.33441  0.00121851
          17    0.338415    0.334646  0.00116939
          18    0.336175    0.334731  0.00110751
          19    0.329135    0.334436  0.00108767
          20    0.333775    0.334403  0.00103379
           1    0.315687    0.315687           0
           2    0.318674    0.317181  0.00105616
           3    0.311532    0.315298  0.00169088
           4    0.309476    0.313842  0.00178797
           5    0.316553    0.314384  0.00151031
           6    0.309388    0.313552  0.00147037
           7    0.316726    0.314005  0.00132842
           8    0.320288     0.31479  0.00137503
           9    0.315907    0.314915  0.00122783
          10    0.315475    0.314971  0.00110632
          11    0.317929    0.315239  0.00103791
          12    0.316542    0.315348 0.000957082
          13    0.318589    0.315597  0.00091535
          14    0.314355    0.315509 0.000854256
          15    0.319131     0.31575 0.000830733
          16    0.317896    0.315884 0.000789561
          17    0.319427    0.316093 0.000770122
          18    0.313406    0.315943 0.000741661
          19    0.325254    0.316433 0.000849223
          20    0.321018    0.316663 0.000837131
           1    0.298813    0.298813           0
           2    0.300393    0.299603 0.000558927
           3    0.294678    0.297961  0.00139127
           4    0.289137    0.295755  0.00217681
           5    0.294631     0.29553  0.00175303
           6    0.297097    0.295791  0.00148016
           7    0.292757    0.295358  0.00133068
           8    0.299216     0.29584  0.00124867
           9    0.292285    0.295445  0.00117073
          10    0.302623    0.296163  0.00125453
          11     0.28703    0.295333   0.0013883
          12    0.300446    0.295759  0.00133641
          13    0.291287    0.295415   0.0012771
          14    0.293885    0.295306  0.00119054
          15    0.300973    0.295683  0.00116959
          16    0.298597    0.295865  0.00111058
          17    0.297444    0.295958  0.00104913
          18    0.293049    0.295797  0.00100321
          19    0.304758    0.296268  0.00105548
          20    0.302964    0.296603  0.00105446
           1    0.281453    0.281453           0
           2    0.275298    0.278375  0.00217608
           3     0.28878    0.281843  0.00318185
           4    0.285542    0.282768  0.00251718
           5    0.281585    0.282532  0.00202483
           6    0.273336    0.280999  0.00219197
           7    0.285106    0.281586  0.00195579
           8    0.281963    0.281633  0.00171189
           9    0.281129    0.281577  0.00152259
          10    0.273932    0.280812  0.00155042
          11    0.280777    0.280809  0.00140947
          12    0.280909    0.280817  0.00129204
          13    0.280831    0.280819  0.00119265
          14    0.277436    0.280577  0.00113167
          15    0.275465    0.280236  0.00110635
          16    0.282779    0.280395  0.00104856
          17    0.271212    0.279855  0.00111738
          18    0.282701    0.280013  0.00106644
          19    0.284488    0.280249  0.00103599
          20    0.280156    0.280244 0.000984201
           1    0.258291    0.258291           0
           2    0.256871    0.257581 0.000502004
           3    0.259661    0.258274 0.000657765
           4     0.26212    0.259236 0.000967873
           5    0.273467    0.262082  0.00266085
           6     0.27051    0.263487  0.00256147
           7    0.263712    0.263519  0.00219575
           8    0.264436    0.263634  0.00192427
           9    0.259738    0.263201  0.00175846
          10     0.26718    0.263599  0.00162702
          11    0.265251    0.263749  0.00148602
          12    0.265642    0.263907  0.00137054
          13    0.267272    0.264166  0.00128932
          14    0.266514    0.264333  0.00120809
          15    0.257835      0.2639  0.00120272
          16    0.260272    0.263673  0.00114873
          17    0.265834      0.2638  0.00108817
          18    0.263932    0.263808  0.00102774
          19    0.274188    0.264354  0.00110939
          20    0.268556    0.264564  0.00107363
           1    0.245046    0.245046           0
           2    0.248744    0.246895  0.00130733
           3    0.257181    0.250323   0.0029321
           4    0.248752    0.249931  0.00222523
           5     0.25236    0.250416  0.00183245
           6    0.251871    0.250659  0.00154299
           7    0.243321    0.249611  0.00164042
           8    0.244896    0.249021  0.00153761
           9    0.243305    0.248386  0.00149218
          10    0.250224     0.24857  0.00135423
          11    0.251508    0.248837  0.00125718
          12    0.256647    0.249488  0.00131008
          13    0.252027    0.249683  0.00122378
          14    0.248813    0.249621  0.00113794
          15    0.253054     0.24985  0.00108485
          16    0.252237    0.249999  0.00102725
          17    0.249213    0.249953 0.000967867
          18    0.259047    0.250458  0.00103763
          19    0.255054      0.2507  0.00101081
          20     0.24675    0.250502 0.000979381
           1     0.23333     0.23333           0
           2    0.240551     0.23694  0.00255299
           3    0.237983    0.237288  0.00172548
           4      0.2358    0.236916  0.00133358
           5    0.233581    0.236249  0.00122236
           6    0.234323    0.235928  0.00105992
           7     0.23606    0.235947 0.000908669
           8    0.233359    0.235623 0.000850724
           9    0.235855    0.235649 0.000756587
          10    0.227759     0.23486  0.00101187
          11    0.232028    0.234603 0.000952071
          12    0.233291    0.234493 0.000878984
          13     0.23417    0.234468 0.000811723
          14    0.237545    0.234688 0.000782916
          15    0.235125    0.234717 0.000731263
          16    0.238959    0.234982 0.000732042
          17    0.224496    0.234365 0.000912591
          18    0.231338    0.234197 0.000877255
          19    0.240112    0.234509   0.0008846
          20    0.227421    0.234154 0.000908591
           1    0.223377    0.223377           0
           2    0.220463     0.22192  0.00103025
           3    0.225949    0.223263    0.001294
           4    0.219295    0.222271  0.00129608
           5    0.223458    0.222508  0.00105839
           6    0.219003    0.221924  0.00103068
           7     0.22958    0.223018  0.00134382
           8    0.217122    0.222281  0.00136306
           9    0.220543    0.222088   0.0012252
          10    0.223032    0.222182  0.00110631
          11    0.216339    0.221651  0.00112607
          12    0.220414    0.221548  0.00103694
          13    0.223344    0.221686 0.000966338
          14    0.219033    0.221497 0.000915709
          15     0.22084    0.221453 0.000855707
          16    0.217135    0.221183  0.00084371
          17    0.220902    0.221166 0.000794243
          18    0.216902     0.22093  0.00078466
          19    0.217605    0.220755 0.000762627
          20    0.216005    0.220517 0.000760572
           1    0.202611    0.202611           0
           2    0.204287    0.203449 0.000592413
           3    0.199895    0.202264  0.00104477
           4    0.205029    0.202955 0.000986043
           5    0.210188    0.204402  0.00151532
           6    0.209374    0.205231  0.00147198
           7    0.213112    0.206356   0.0016366
           8    0.212385     0.20711  0.00159609
           9    0.208283     0.20724  0.00142406
          10    0.201123    0.206629  0.00140691
          11    0.211846    0.207103  0.00135661
          12    0.208321    0.207204  0.00124735
          13    0.209549    0.207385  0.00116436
          14    0.209316    0.207523  0.00108934
          15    0.213297    0.207908   0.0010826
          16    0.205483    0.207756  0.00102549
          17    0.207775    0.207757 0.000965169
          18     0.20728    0.207731 0.000911913
          19    0.210089    0.207855 0.000872327
          20    0.208478    0.207886 0.000829266
           1    0.199439    0.199439           0
           2    0.195885    0.197662  0.00125659
           3    0.195356    0.196893  0.00104686
           4    0.200516    0.197799   0.0011098
           5    0.197373    0.197714 0.000891106
           6    0.190309     0.19648  0.00134926
           7    0.194831    0.196244  0.00117689
           8    0.196342    0.196256  0.00102984
           9    0.199991    0.196671 0.000995529
          10    0.197102    0.196714 0.000896905
          11    0.196023    0.196652  0.00081757
          12    0.193099    0.196356 0.000801237
          13     0.19667     0.19638  0.00073997
          14    0.200194    0.196652 0.000735564
          15    0.193197    0.196422 0.000721686
          16    0.194992    0.196333 0.000682091
          17    0.198493     0.19646 0.000653695
          18    0.194528    0.196352 0.000626126
          19    0.198519    0.196466 0.000603466
          20    0.192821    0.196284 0.000600187
