           1   -0.965152   -0.965152           0
           2   -0.965432   -0.965292 9.89949e-05
           3   -0.974752   -0.968445  0.00257553
           4   -0.970504    -0.96896   0.0019824
           5    -0.96788   -0.968744  0.00159765
           6   -0.957864   -0.966931  0.00212431
           7   -0.967728   -0.967045  0.00182389
           8   -0.969176   -0.967311  0.00161525
           9   -0.967552   -0.967338    0.001436
          10   -0.975384   -0.968142  0.00150099
          11   -0.979688   -0.969192  0.00169218
          12   -0.967872   -0.969082  0.00155473
          13   -0.978176   -0.969782  0.00158472
          14   -0.975512   -0.970191  0.00152347
          15   -0.978312   -0.970732  0.00151506
          16    -0.96972   -0.970669  0.00142169
          17   -0.986552   -0.971603  0.00161615
          18   -0.969064   -0.971462  0.00153251
          19    -0.96776   -0.971267  0.00146419
          20   -0.971328    -0.97127  0.00139098
           1   -0.947768   -0.947768           0
           2    -0.96232   -0.955044  0.00514491
           3   -0.941144   -0.950411   0.0051065
           4   -0.944328    -0.94889  0.00404997
           5   -0.950152   -0.949142  0.00324783
           6   -0.952272   -0.949664  0.00274809
           7   -0.944512   -0.948928  0.00245209
           8   -0.944136   -0.948329  0.00221753
           9   -0.951824   -0.948717  0.00200485
          10   -0.950624   -0.948908  0.00181341
          11   -0.932464   -0.947413   0.0021793
          12   -0.940696   -0.946853  0.00206833
          13   -0.944128   -0.946644  0.00191982
          14   -0.937112   -0.945963  0.00189958
          15   -0.936104   -0.945306  0.00188322
          16   -0.947592   -0.945449  0.00177093
          17   -0.947176    -0.94555  0.00166967
          18   -0.939448   -0.945211  0.00161096
          19    -0.94828   -0.945373  0.00153425
          20   -0.950696   -0.945639  0.00148044
           1   -0.914448   -0.914448           0
           2    -0.90488   -0.909664   0.0033828
           3   -0.912352    -0.91056  0.00237089
           4   -0.905592   -0.909318  0.00207817
           5   -0.905904   -0.908635  0.00177116
           6   -0.916824       -0.91  0.00193151
           7   -0.915504   -0.910786  0.00180855
           8    -0.91308   -0.911073  0.00160505
           9   -0.922584   -0.912352  0.00186804
          10   -0.920272   -0.913144  0.00184149
          11    -0.91272   -0.913105  0.00167449
          12    -0.91448    -0.91322  0.00153886
          13   -0.913432   -0.913236  0.00142057
          14   -0.908776   -0.912918  0.00135436
          15   -0.914264   -0.913007  0.00126704
          16   -0.910864   -0.912874  0.00119491
          17   -0.922056   -0.913414  0.00124071
          18   -0.918176   -0.913678  0.00119966
          19   -0.903912   -0.913164  0.00124177
          20   -0.925256   -0.913769  0.00131867
           1   -0.884088   -0.884088           0
           2   -0.883456   -0.883772 0.000223446
           3   -0.877256     -0.8816  0.00177968
           4   -0.882792   -0.881898  0.00135948
           5   -0.883856    -0.88229  0.00114259
           6   -0.884616   -0.882677  0.00101582
           7   -0.878424    -0.88207  0.00103662
           8   -0.875736   -0.881278  0.00117098
           9   -0.880896   -0.881236  0.00104164
          10   -0.884664   -0.881578 0.000992292
          11   -0.879256   -0.881367 0.000924271
          12    -0.88504   -0.881673 0.000896492
          13   -0.880272   -0.881566 0.000833986
          14   -0.884752   -0.881793 0.000804875
          15   -0.874784   -0.881326 0.000876423
          16   -0.884848   -0.881546 0.000848842
          17   -0.878848   -0.881387 0.000813611
          18   -0.883224   -0.881489 0.000774783
          19   -0.873032   -0.881044 0.000852332
          20   -0.893944   -0.881689  0.00102511
           1   -0.847152   -0.847152           0
           2   -0.840512   -0.843832  0.00234759
           3   -0.853568   -0.847077  0.00307748
           4   -0.850656   -0.847972  0.00243469
           5   -0.845928   -0.847563  0.00198177
           6   -0.846048   -0.847311  0.00166749
           7   -0.850424   -0.847755  0.00148741
           8   -0.847936   -0.847778  0.00130165
           9   -0.855872   -0.848677  0.00143445
          10   -0.847096   -0.848519  0.00129969
          11   -0.845424   -0.848238  0.00121161
          12   -0.847768   -0.848199  0.00111128
          13   -0.843216   -0.847815  0.00108989
          14   -0.851224   -0.848059  0.00103888
          15   -0.846712   -0.847969 0.000973494
          16   -0.845424    -0.84781 0.000925555
          17   -0.853912   -0.848169 0.000938133
          18   -0.848344   -0.848179 0.000886065
          19   -0.850336   -0.848292 0.000846673
          20   -0.851552   -0.848455 0.000819878
           1   -0.820168   -0.820168           0
           2   -0.817048   -0.818608  0.00110309
           3   -0.819664    -0.81896 0.000789559
           4    -0.81336    -0.81756  0.00134932
           5    -0.81768   -0.817584  0.00107967
           6     -0.8166    -0.81742 0.000912095
           7   -0.818512   -0.817576 0.000795025
           8   -0.817672   -0.817588 0.000695737
           9   -0.819816   -0.817836  0.00066101
          10    -0.81516   -0.817568 0.000646795
          11   -0.811296   -0.816998 0.000800806
          12   -0.813896   -0.816739 0.000774667
          13   -0.817128   -0.816769 0.000715654
          14   -0.814912   -0.816637 0.000676719
          15    -0.81692   -0.816655 0.000631869
          16   -0.812536   -0.816398 0.000642695
          17   -0.819456   -0.816578 0.000629559
          18    -0.81508   -0.816495 0.000600058
          19   -0.812976   -0.816309  0.00059637
          20     -0.8132   -0.816154 0.000586467
           1   -0.786776   -0.786776           0
           2    -0.78168   -0.784228  0.00180171
           3   -0.783288   -0.783915  0.00122808
           4   -0.781776    -0.78338   0.0010309
           5   -0.782904   -0.783285 0.000829105
           6    -0.78368   -0.783351 0.000693532
           7   -0.780808   -0.782987 0.000682987
           8   -0.780328   -0.782655 0.000673674
           9   -0.783304   -0.782727 0.000602669
          10   -0.776416   -0.782096  0.00080788
          11   -0.779104   -0.781824 0.000778881
          12   -0.781064   -0.781761 0.000716544
          13   -0.782216   -0.781796 0.000662281
          14   -0.785096   -0.782031 0.000655589
          15   -0.783384   -0.782122 0.000618053
          16   -0.781672   -0.782093 0.000580063
          17   -0.774352   -0.781638 0.000702301
          18   -0.785984    -0.78188 0.000703563
          19   -0.778912   -0.781723  0.00068365
          20   -0.784464    -0.78186 0.000663058
           1    -0.74836    -0.74836           0
           2    -0.74744     -0.7479 0.000325269
           3   -0.749112   -0.748304 0.000394757
           4   -0.752368    -0.74932 0.000928358
           5   -0.750608   -0.749578 0.000777605
           6   -0.744488   -0.748729  0.00100972
           7   -0.752544   -0.749274   0.0010018
           8     -0.7518    -0.74959 0.000924984
           9   -0.750784   -0.749723 0.000831668
          10   -0.751224   -0.749873 0.000761931
          11   -0.754496   -0.750293 0.000800232
          12   -0.749976   -0.750267 0.000733982
          13   -0.749416   -0.750201 0.000680432
          14   -0.749672   -0.750163 0.000632879
          15   -0.751672   -0.750264 0.000598625
          16   -0.750496   -0.750279 0.000561386
          17   -0.746824   -0.750075 0.000563943
          18    -0.74956   -0.750047 0.000533339
          19   -0.750344   -0.750062 0.000505498
          20    -0.74884   -0.750001 0.000483904
           1   -0.717072   -0.717072           0
           2    -0.72364   -0.720356  0.00232214
           3   -0.717912   -0.719541  0.00168495
           4   -0.720568   -0.719798  0.00128311
           5   -0.721592   -0.720157  0.00107548
           6   -0.718656   -0.719907 0.000924868
           7    -0.71568   -0.719303 0.000970023
           8   -0.717368   -0.719061 0.000878404
           9    -0.71152   -0.718223  0.00111072
          10   -0.724368   -0.718838  0.00115721
          11   -0.718768   -0.718831  0.00105203
          12   -0.716824   -0.718664 0.000977567
          13   -0.721176   -0.718857 0.000921269
          14   -0.719544   -0.718906 0.000856769
          15   -0.722048   -0.719116 0.000824855
          16   -0.718952   -0.719106 0.000773365
          17   -0.720816   -0.719206 0.000734389
          18   -0.724848    -0.71952  0.00075753
          19   -0.722424   -0.719672 0.000732922
          20   -0.721528   -0.719765 0.000702123
           1    -0.69656    -0.69656           0
           2   -0.688072   -0.692316  0.00300096
           3   -0.691232   -0.691955  0.00202228
           4     -0.6912   -0.691766  0.00152548
           5   -0.693528   -0.692118  0.00126043
           6    -0.69212   -0.692119  0.00105036
           7    -0.68956   -0.691753  0.00096181
           8   -0.691864   -0.691767 0.000841683
           9   -0.690584   -0.691636 0.000758357
          10    -0.69224   -0.691696 0.000684926
          11   -0.690168   -0.691557  0.00063659
          12   -0.693384   -0.691709  0.00060147
          13   -0.687536   -0.691388 0.000635123
          14     -0.6882   -0.691161 0.000629263
          15   -0.692056    -0.69122 0.000590137
          16    -0.69296   -0.691329 0.000563182
          17   -0.695184   -0.691556 0.000573894
          18    -0.68912    -0.69142 0.000557736
          19   -0.690792   -0.691387 0.000529362
          20   -0.694672   -0.691552 0.000527755
           1   -0.663536   -0.663536           0
           2     -0.6654   -0.664468 0.000659024
           3    -0.66892   -0.665952  0.00128887
           4    -0.66736   -0.666304  0.00101358
           5   -0.661272   -0.665298  0.00121152
           6   -0.661344   -0.664639  0.00117521
           7   -0.661816   -0.664235  0.00107428
           8   -0.662304   -0.663994 0.000966741
           9   -0.662368   -0.663813 0.000876044
          10   -0.662464   -0.663678 0.000798764
          11   -0.660472   -0.663387 0.000777518
          12   -0.664512   -0.663481 0.000718356
          13   -0.665552    -0.66364 0.000680539
          14   -0.663888   -0.663658 0.000632159
          15   -0.660728   -0.663462 0.000619453
          16   -0.662944    -0.66343 0.000581584
          17   -0.664712   -0.663505 0.000552241
          18    -0.66368   -0.663515 0.000521646
          19   -0.665424   -0.663616 0.000503773
          20   -0.665792   -0.663724 0.000490197
           1   -0.640304   -0.640304           0
           2   -0.638736    -0.63952 0.000554372
           3   -0.640864   -0.639968 0.000519993
           4   -0.633152   -0.638264  0.00152637
           5   -0.639072   -0.638426  0.00122962
           6   -0.637992   -0.638353  0.00102681
           7    -0.63568   -0.637971 0.000948486
           8   -0.634952   -0.637594 0.000901899
           9   -0.636704   -0.637495 0.000807091
          10   -0.636424   -0.637388 0.000733455
          11   -0.638848   -0.637521  0.00067868
          12   -0.640608   -0.637778 0.000669112
          13    -0.63964   -0.637921 0.000632786
          14   -0.637648   -0.637902 0.000587888
          15   -0.639968   -0.638039 0.000564604
          16    -0.63832   -0.638057 0.000529588
          17   -0.639048   -0.638115 0.000501634
          18   -0.636768    -0.63804 0.000479317
          19   -0.635576   -0.637911 0.000471314
          20   -0.640024   -0.638016 0.000459439
           1   -0.612704   -0.612704           0
           2   -0.611432   -0.612068  0.00044972
           3   -0.611104   -0.611747 0.000398403
           4   -0.614144   -0.612346 0.000598901
           5   -0.613744   -0.612626 0.000540461
           6   -0.614176   -0.612884 0.000508417
           7   -0.617736   -0.613577 0.000775707
           8   -0.613008   -0.613506 0.000681998
           9   -0.611912   -0.613329 0.000628798
          10   -0.607296   -0.612726 0.000804876
          11   -0.608904   -0.612378 0.000803193
          12   -0.616352   -0.612709 0.000801625
          13    -0.61104   -0.612581 0.000750176
          14   -0.614832   -0.612742 0.000713615
          15   -0.608736   -0.612475 0.000714262
          16   -0.613408   -0.612533 0.000671999
          17    -0.61372   -0.612603 0.000636087
          18   -0.610304   -0.612475 0.000613435
          19   -0.614248   -0.612568 0.000588203
          20   -0.613568   -0.612618 0.000560912
           1     -0.5892     -0.5892           0
           2   -0.589424   -0.589312  7.9196e-05
           3   -0.590624   -0.589749 0.000360963
           4   -0.590168   -0.589854 0.000285494
           5   -0.585632    -0.58901 0.000789033
           6   -0.593456   -0.589751 0.000943394
           7    -0.59088   -0.589912 0.000822303
           8    -0.59024   -0.589953 0.000720537
           9   -0.590104    -0.58997 0.000640672
          10   -0.588568    -0.58983 0.000591742
          11   -0.590832   -0.589921 0.000544918
          12   -0.590664   -0.589983 0.000503017
          13   -0.588328   -0.589855 0.000480157
          14   -0.590096   -0.589873 0.000446167
          15   -0.590624   -0.589923 0.000419226
          16   -0.586736   -0.589724 0.000437785
          17   -0.589408   -0.589705 0.000412426
          18   -0.588488   -0.589637 0.000395016
          19   -0.590104   -0.589662 0.000374989
          20    -0.59192   -0.589775 0.000372849
           1   -0.568656   -0.568656           0
           2   -0.566936   -0.567796 0.000608112
           3   -0.573168   -0.569587  0.00151724
           4   -0.573048   -0.570452  0.00136253
           5   -0.569368   -0.570235  0.00110714
           6   -0.569208   -0.570064 0.000935757
           7   -0.566824   -0.569601 0.000909373
           8   -0.572152    -0.56992 0.000849766
           9    -0.57152   -0.570098  0.00077372
          10    -0.56504   -0.569592 0.000845654
          11   -0.566184   -0.569282 0.000823577
          12   -0.567328   -0.569119 0.000770877
          13   -0.567232   -0.568974 0.000725121
          14   -0.570632   -0.569093 0.000682928
          15   -0.566528   -0.568922 0.000658453
          16   -0.569032   -0.568928 0.000617336
          17    -0.56876   -0.568919 0.000581101
          18   -0.570224   -0.568991 0.000553325
          19   -0.570768   -0.569085 0.000532047
          20   -0.565448   -0.568903 0.000535615
           1   -0.544864   -0.544864           0
           2   -0.550496    -0.54768  0.00199121
           3   -0.552544   -0.549301  0.00187475
           4   -0.547608   -0.548878  0.00145307
           5   -0.546912   -0.548485  0.00121449
           6    -0.54716   -0.548264  0.00103195
           7   -0.544808    -0.54777 0.000995653
           8   -0.546216   -0.547576 0.000889951
           9   -0.549432   -0.547782  0.00081461
          10   -0.547544   -0.547758 0.000733497
          11    -0.54864   -0.547839  0.00067118
          12   -0.547728   -0.547829 0.000615312
          13   -0.547584    -0.54781 0.000568269
          14   -0.550488   -0.548002 0.000558936
          15   -0.546768   -0.547919  0.00052769
          16   -0.547288    -0.54788 0.000496183
          17   -0.547776   -0.547874 0.000467034
          18   -0.547856   -0.547873 0.000441089
          19   -0.545376   -0.547741 0.000437012
          20   -0.546592   -0.547684 0.000418923
           1   -0.528248   -0.528248           0
           2   -0.528592    -0.52842 0.000121622
           3   -0.526944   -0.527928 0.000409817
           4     -0.5318   -0.528896 0.000892883
           5   -0.530576   -0.529232 0.000774952
           6   -0.528232   -0.529065 0.000663473
           7   -0.529568   -0.529137 0.000572564
           8   -0.532208   -0.529521 0.000616379
           9    -0.53144   -0.529734 0.000583608
          10   -0.527448   -0.529506 0.000568266
          11   -0.529688   -0.529522 0.000516847
          12   -0.527944   -0.529391 0.000490223
          13   -0.525048   -0.529057 0.000554775
          14   -0.527024   -0.528911 0.000533808
          15   -0.525312   -0.528671 0.000549515
          16   -0.528384   -0.528653 0.000515464
          17   -0.527672   -0.528596 0.000488365
          18   -0.530816   -0.528719 0.000476556
          19   -0.529648   -0.528768 0.000453975
          20   -0.526808    -0.52867 0.000441727
           1    -0.50816    -0.50816           0
           2   -0.510464   -0.509312 0.000814587
           3    -0.50852   -0.509048 0.000584274
           4    -0.51044   -0.509396 0.000531838
           5   -0.511008   -0.509718 0.000513983
           6    -0.51112   -0.509952 0.000478468
           7     -0.5084    -0.50973 0.000458617
           8   -0.509656   -0.509721 0.000401384
           9   -0.511824   -0.509955  0.00041932
          10   -0.514664   -0.510426 0.000584827
          11   -0.508048   -0.510209 0.000570206
          12   -0.510848   -0.510263 0.000525166
          13    -0.51152   -0.510359 0.000493594
          14   -0.509784   -0.510318 0.000460045
          15   -0.508848    -0.51022 0.000439694
          16   -0.512504   -0.510363 0.000434763
          17   -0.512088   -0.510464 0.000420863
          18   -0.511304   -0.510511 0.000400058
          19   -0.512192     -0.5106 0.000388661
          20   -0.511848   -0.510662 0.000374207
           1   -0.493744   -0.493744           0
           2   -0.494984   -0.494364 0.000438406
           3    -0.49012   -0.492949  0.00119147
           4   -0.494304   -0.493288 0.000940506
           5   -0.491824   -0.492995  0.00079668
           6   -0.492672   -0.492941 0.000665718
           7   -0.494032   -0.493097 0.000588567
           8    -0.49568    -0.49342 0.000597016
           9   -0.493768   -0.493459 0.000531931
          10   -0.493048   -0.493418 0.000480321
          11   -0.492696   -0.493352 0.000441112
          12   -0.490912   -0.493149 0.000448777
          13   -0.495608   -0.493338 0.000452375
          14   -0.496584    -0.49357 0.000475789
          15   -0.491824   -0.493453 0.000458083
          16   -0.495528   -0.493583 0.000447428
          17   -0.494128   -0.493615 0.000422256
          18   -0.494744   -0.493678 0.000403428
          19   -0.494544   -0.493723 0.000384763
          20   -0.493184   -0.493696 0.000366468
           1   -0.478128   -0.478128           0
           2    -0.47904   -0.478584 0.000322441
           3   -0.480024   -0.479064 0.000446999
           4   -0.477536   -0.478682 0.000470994
           5   -0.479808   -0.478907 0.000427255
           6   -0.480496   -0.479172  0.00043035
           7   -0.478128   -0.479023 0.000393868
           8   -0.474712   -0.478484  0.00061061
           9    -0.47636   -0.478248 0.000586601
          10   -0.475784   -0.478002 0.000577376
          11     -0.4738    -0.47762 0.000638858
          12     -0.4788   -0.477718 0.000593144
          13   -0.474568   -0.477476 0.000594955
          14    -0.47788   -0.477505 0.000553159
          15   -0.480008   -0.477671 0.000540873
          16   -0.478232   -0.477706 0.000508202
          17   -0.479008   -0.477783  0.00048404
          18   -0.476528   -0.477713 0.000462144
          19   -0.474848   -0.477563 0.000461771
          20   -0.475912    -0.47748 0.000445996
           1    -0.46024    -0.46024           0
           2    -0.46352    -0.46188  0.00115966
           3   -0.465632   -0.463131  0.00128081
           4   -0.461696   -0.462772  0.00100958
           5   -0.462248   -0.462667 0.000813082
           6    -0.46108   -0.462403 0.000719315
           7    -0.46284   -0.462465 0.000619263
           8   -0.460912   -0.462271 0.000571478
           9     -0.4626   -0.462308 0.000509148
          10   -0.461336    -0.46221 0.000467411
          11   -0.462672   -0.462252 0.000426799
          12   -0.463208   -0.462332 0.000398593
          13   -0.462072   -0.462312 0.000368433
          14   -0.463224   -0.462377 0.000347828
          15   -0.460728   -0.462267 0.000341573
          16     -0.4624   -0.462276 0.000320326
          17   -0.464152   -0.462386 0.000319937
          18   -0.459888   -0.462247 0.000330892
          19   -0.466256   -0.462458 0.000374758
          20   -0.463656   -0.462518 0.000360774
