           1    0.721016    0.721016           0
           2     0.88918    0.805098    0.059455
           3    0.908616    0.839604   0.0486296
           4    0.871436    0.847562   0.0371176
           5    0.700816    0.818213   0.0396338
           6     0.79022    0.813547   0.0333017
           7    0.938492    0.831397   0.0329827
           8    0.860512    0.835036   0.0290599
           9    0.950808      0.8479   0.0285365
          10    0.948952    0.858005   0.0274137
          11    0.893304    0.861214   0.0251087
          12    0.958032    0.869282    0.024278
          13     0.92078    0.873243   0.0227313
          14    0.970372    0.880181   0.0221411
          15    0.960244    0.885519   0.0212987
          16     0.94674    0.889345   0.0203083
          17    0.845052     0.88674   0.0192801
          18    0.965836    0.891134    0.018703
          19    0.963244    0.894929   0.0180996
          20    0.958064    0.898086   0.0174678
           1    0.715672    0.715672           0
           2     0.62116    0.668416    0.033415
           3    0.825176    0.720669   0.0481303
           4    0.677616    0.709906   0.0372818
           5    0.725608    0.713046   0.0299574
           6    0.915728    0.746827   0.0396755
           7    0.869948    0.764415   0.0377053
           8    0.823788    0.771837   0.0337146
           9    0.827364    0.778007   0.0305278
          10    0.328248    0.733031   0.0507486
          11    0.721384    0.731972   0.0461462
          12    0.890092    0.745149   0.0441418
          13    0.772504    0.747253   0.0407964
          14    0.597116    0.736529   0.0392666
          15    0.745996     0.73716   0.0366539
          16    0.832816    0.743138   0.0348472
          17    0.669452    0.738804   0.0330658
          18    0.698824    0.736583   0.0313034
          19    0.850704    0.742589   0.0302266
          20    0.804424    0.745681   0.0288729
           1     0.52854     0.52854           0
           2    0.637356    0.582948   0.0384723
           3    0.684748    0.616881   0.0377555
           4     0.51408    0.591181   0.0360168
           5     0.63834    0.600613    0.030023
           6    0.654468    0.609589   0.0263268
           7    0.647348    0.614983   0.0231118
           8     0.43626    0.592642   0.0290804
           9    0.596736    0.593097   0.0258528
          10    0.416324     0.57542   0.0286813
          11    0.620924    0.579557   0.0263705
          12    0.726188    0.591776   0.0268552
          13    0.621228    0.594042   0.0248848
          14    0.626592    0.596367   0.0232157
          15    0.480172     0.58862   0.0229239
          16    0.524356    0.584604   0.0218402
          17    0.613452    0.586301   0.0206213
          18    0.577432    0.585808   0.0194815
          19      0.5515    0.584002   0.0185397
          20    0.625584    0.586081   0.0177289
           1    0.313908    0.313908           0
           2    0.426856    0.370382   0.0399331
           3    0.406536    0.382433   0.0283824
           4    0.477868    0.406292   0.0296657
           5    0.388656    0.402765   0.0239413
           6    0.492128    0.417659   0.0241434
           7     0.46802    0.424853   0.0217399
           8     0.35814    0.416514   0.0205597
           9     0.38564    0.413084   0.0185592
          10    0.279244      0.3997   0.0209814
          11    0.519824     0.41062   0.0217309
          12    0.527408    0.420352   0.0219916
          13    0.369924    0.416473   0.0206392
          14    0.341064    0.411087   0.0198554
          15    0.308056    0.404218    0.019684
          16    0.486476    0.409359   0.0191133
          17     0.31686    0.403918   0.0187475
          18    0.391728    0.403241   0.0177182
          19     0.46802     0.40665   0.0171105
          20    0.567808    0.414708   0.0180529
           1    0.367568    0.367568           0
           2    0.197688    0.282628   0.0600616
           3    0.257184    0.274147   0.0406355
           4    0.441096    0.315884   0.0472793
           5    0.327572    0.318222   0.0378812
           6    0.160704    0.291969   0.0396341
           7     0.37264    0.303493   0.0356082
           8     0.35402    0.309809   0.0317123
           9    0.391636    0.318901   0.0294633
          10    0.280132    0.315024   0.0267708
          11    0.301744    0.313817   0.0243643
          12    0.300148    0.312678   0.0223605
          13    0.229684    0.306294   0.0215326
          14    0.276196    0.304144   0.0201016
          15     0.31532    0.304889   0.0187753
          16      0.2353    0.300539   0.0180986
          17     0.22252     0.29595   0.0176062
          18    0.274576    0.294763   0.0166681
          19    0.340676    0.297179    0.015965
          20    0.307588      0.2977   0.0151753
           1     0.23872     0.23872           0
           2     0.25716     0.24794  0.00651952
           3    0.233644    0.243175   0.0058335
           4    0.228936    0.239615  0.00535211
           5    0.192424    0.230177  0.00946555
           6    0.184828    0.222619   0.0104797
           7    0.195288    0.218714  0.00968265
           8    0.230916     0.22024  0.00859161
           9    0.211552    0.219274  0.00769102
          10    0.231736     0.22052  0.00702215
          11    0.221432    0.220603  0.00638426
          12     0.18004    0.217223  0.00668751
          13    0.230824    0.218269  0.00625439
          14     0.19862    0.216866  0.00596304
          15    0.163472    0.213306  0.00654223
          16    0.231908    0.214469  0.00623579
          17    0.245064    0.216268  0.00612318
          18     0.23802    0.217477  0.00590104
          19    0.181352    0.215576   0.0058888
          20    0.242828    0.216938  0.00574985
           1     0.16972     0.16972           0
           2    0.186348    0.178034  0.00587889
           3    0.181732    0.179267  0.00404642
           4    0.161528    0.174832  0.00489488
           5    0.149312    0.169728  0.00601456
           6     0.17378    0.170403  0.00504991
           7    0.129168    0.164513  0.00696273
           8    0.145344    0.162116  0.00649159
           9    0.151164      0.1609  0.00588326
          10     0.17514    0.162324  0.00546456
          11    0.169288    0.162957  0.00500433
          12    0.146664    0.161599  0.00476793
          13    0.184036    0.163325  0.00470318
          14    0.188564    0.165128  0.00470007
          15    0.173524    0.165687  0.00441994
          16    0.198828    0.167759  0.00460351
          17    0.235708    0.171756  0.00581453
          18    0.150052     0.17055  0.00561513
          19    0.162736    0.170139  0.00533464
          20    0.185908    0.170927  0.00512584
           1     0.18348     0.18348           0
           2    0.162596    0.173038  0.00738361
           3    0.207516    0.184531   0.0105964
           4     0.13426    0.171963   0.0134766
           5    0.128168    0.163204   0.0133271
           6    0.129408    0.157571   0.0122385
           7    0.121248    0.152382   0.0115379
           8    0.143628    0.151288   0.0101474
           9    0.111328    0.146848  0.00994396
          10    0.157928    0.147956  0.00901108
          11    0.159612    0.149016  0.00825396
          12    0.110656    0.145819  0.00816169
          13    0.105596    0.142725  0.00809914
          14    0.130132    0.141825  0.00757042
          15    0.162256    0.143187   0.0071872
          16    0.150632    0.143653  0.00675305
          17    0.118276     0.14216  0.00651871
          18    0.095068    0.139544   0.0066609
          19    0.141164    0.139629  0.00631087
          20    0.163072    0.140801  0.00610321
           1    0.165628    0.165628           0
           2    0.128364    0.146996   0.0131748
           3     0.10296    0.132317   0.0148589
           4    0.111468    0.127105   0.0120237
           5    0.105776    0.122839    0.010348
           6      0.1262    0.123399  0.00863851
           7    0.111924     0.12176  0.00755838
           8    0.085264    0.117198  0.00787082
           9    0.069208    0.111866  0.00861519
          10    0.094508     0.11013   0.0079266
          11    0.098928    0.109112  0.00727112
          12    0.124244    0.110373  0.00677366
          13    0.099176    0.109511  0.00630713
          14    0.101196    0.108917  0.00588452
          15    0.106752    0.108773  0.00549399
          16    0.129112    0.110044  0.00529564
          17    0.119252    0.110586  0.00501175
          18     0.08676    0.109262    0.004905
          19      0.1102    0.109312  0.00464709
          20    0.109468    0.109319  0.00441475
           1     0.10874     0.10874           0
           2    0.095524    0.102132  0.00467256
           3    0.085656     0.09664  0.00545999
           4     0.11102    0.100235  0.00514412
           5      0.1001    0.100208  0.00411537
           6    0.103648    0.100781  0.00346918
           7     0.12476    0.104207  0.00434742
           8    0.109596    0.104881  0.00385583
           9     0.11214    0.105687  0.00351076
          10    0.094176    0.104536  0.00334308
          11    0.078484    0.102168  0.00378626
          12    0.109016    0.102738  0.00351348
          13     0.08334    0.101246  0.00354595
          14    0.134196      0.1036  0.00399815
          15    0.095676    0.103071  0.00376635
          16     0.09358    0.102478  0.00357736
          17    0.081192    0.101226  0.00357936
          18     0.09468    0.100862  0.00339893
          19     0.08414   0.0999823  0.00333204
          20    0.120688    0.101018  0.00332239
           1    0.098592    0.098592           0
           2      0.0849    0.091746  0.00484085
           3    0.081716   0.0884027  0.00422693
           4    0.039112     0.07608   0.0111327
           5    0.069992   0.0748624  0.00897247
           6    0.090092   0.0774007  0.00782786
           7     0.05946   0.0748377  0.00711681
           8    0.067016     0.07386  0.00629401
           9    0.072524   0.0737116  0.00559643
          10    0.086772   0.0750176  0.00518694
          11    0.082844   0.0757291  0.00476395
          12    0.080588    0.076134  0.00438413
          13    0.057344   0.0746886  0.00427852
          14    0.086004   0.0754969  0.00404853
          15    0.080912   0.0758579  0.00379469
          16    0.081144   0.0761883  0.00357188
          17    0.074948   0.0761153  0.00336251
          18    0.044388   0.0743527  0.00360823
          19    0.070304   0.0741396  0.00342461
          20    0.064076   0.0736364  0.00329014
           1    0.069864    0.069864           0
           2    0.069608    0.069736 9.05097e-05
           3    0.070476   0.0699827 0.000210247
           4    0.058928    0.067219  0.00239859
           5    0.077384    0.069252  0.00264359
           6    0.052268   0.0664213  0.00339564
           7    0.069512   0.0668629  0.00293912
           8    0.059384    0.065928  0.00271634
           9    0.072776   0.0666889  0.00251884
          10     0.06948    0.066968  0.00228237
          11    0.061896   0.0665069  0.00212094
          12    0.045628    0.064767  0.00256026
          13    0.073852   0.0654658  0.00245684
          14    0.061508   0.0651831  0.00229756
          15    0.062852   0.0650277  0.00214964
          16    0.038112   0.0633455  0.00259122
          17    0.061648   0.0632456  0.00244072
          18    0.090024   0.0647333    0.002721
          19    0.069092   0.0649627  0.00258744
          20    0.088664   0.0661478  0.00271593
           1     0.06306     0.06306           0
           2    0.066568    0.064814  0.00124027
           3    0.051672   0.0604333  0.00367113
           4    0.058388    0.059922  0.00278873
           5     0.06866   0.0616696  0.00272407
           6     0.04664   0.0591647  0.00322212
           7    0.074712   0.0613857  0.00344325
           8    0.085668    0.064421  0.00413988
           9     0.04418    0.062172  0.00424707
          10    0.061936   0.0621484  0.00382243
          11     0.05918   0.0618785  0.00348445
          12    0.079292   0.0633297  0.00348316
          13    0.078176   0.0644717  0.00339729
          14    0.067872   0.0647146  0.00316329
          15    0.059844   0.0643899  0.00296903
          16    0.092432   0.0661425  0.00325997
          17    0.045364   0.0649202  0.00328937
          18    0.057264   0.0644949  0.00313401
          19    0.059764   0.0642459  0.00297893
          20    0.054508    0.063759   0.0028695
           1    0.046536    0.046536           0
           2    0.029864      0.0382  0.00589444
           3    0.041644    0.039348  0.00403987
           4    0.056844    0.043722  0.00485069
           5    0.038124   0.0426024  0.00400768
           6    0.069676   0.0471147  0.00530292
           7    0.062044   0.0492474  0.00495572
           8     0.03906    0.047974  0.00449689
           9    0.051776   0.0483964  0.00401703
          10    0.037336   0.0472904  0.00376452
          11    0.042132   0.0468215  0.00345137
          12    0.050424   0.0471217  0.00317679
          13    0.075732   0.0493225  0.00361525
          14    0.039424   0.0486154  0.00342545
          15     0.03788   0.0478997    0.003271
          16    0.035392    0.047118   0.0031586
          17     0.04092   0.0467534  0.00299376
          18    0.064628   0.0477464   0.0029876
          19    0.044388   0.0475697  0.00283558
          20    0.052648   0.0478236  0.00270515
           1    0.056996    0.056996           0
           2    0.050148    0.053572  0.00242113
           3    0.035756   0.0476333  0.00511049
           4    0.048416    0.047829  0.00383661
           5    0.059716   0.0502064  0.00373392
           6    0.045532   0.0494273  0.00319184
           7    0.035716   0.0474686  0.00328231
           8    0.047092   0.0474215  0.00287236
           9    0.043828   0.0470222  0.00258081
          10    0.036308   0.0459508   0.0025354
          11    0.048504   0.0461829  0.00231551
          12     0.03144   0.0449543  0.00242669
          13    0.047512   0.0451511  0.00224798
          14    0.047476   0.0453171  0.00209354
          15     0.05152   0.0457307  0.00199439
          16    0.040544   0.0454065   0.0018959
          17    0.042092   0.0452115  0.00179438
          18     0.04308   0.0450931  0.00169859
          19      0.0495   0.0453251  0.00162495
          20    0.036704    0.044894  0.00159985
           1    0.026656    0.026656           0
           2    0.042352    0.034504  0.00554937
           3    0.036568    0.035192  0.00374199
           4     0.02526    0.032709  0.00353558
           5    0.044076   0.0349824  0.00348352
           6    0.043948   0.0364767  0.00320745
           7    0.049804   0.0383806  0.00326578
           8     0.04398   0.0390805  0.00293161
           9    0.049316   0.0402178  0.00281785
          10    0.047688   0.0409648  0.00263322
          11      0.0209   0.0391407  0.00295892
          12    0.040424   0.0392477  0.00271428
          13    0.045276   0.0397114  0.00254479
          14    0.035868   0.0394369  0.00237778
          15    0.040396   0.0395008  0.00222012
          16    0.055128   0.0404775  0.00228613
          17    0.052276   0.0411715  0.00225454
          18    0.049464   0.0416322  0.00217585
          19    0.048848    0.042012  0.00209421
          20    0.020788   0.0409508  0.00224231
           1     0.04168     0.04168           0
           2    0.042944    0.042312 0.000446891
           3    0.032516   0.0390467  0.00268273
           4    0.052204    0.042336  0.00348757
           5      0.0547   0.0448088  0.00356036
           6    0.041376   0.0442367  0.00301259
           7     0.02196   0.0410543  0.00391773
           8    0.036748    0.040516   0.0034648
           9    0.026164   0.0389213   0.0034272
          10    0.036072   0.0386364   0.0030963
          11    0.046996   0.0393964  0.00290659
          12    0.031856    0.038768  0.00273145
          13     0.03268   0.0382997  0.00256117
          14    0.034364   0.0380186  0.00239361
          15    0.043864   0.0384083  0.00226553
          16    0.037852   0.0383735   0.0021242
          17    0.047164   0.0388906  0.00206123
          18    0.018876   0.0377787  0.00222652
          19     0.03494   0.0376293  0.00211434
          20    0.039924    0.037744  0.00201173
           1     0.03536     0.03536           0
           2    0.038676    0.037018  0.00117238
           3    0.029596    0.034544  0.00216595
           4    0.034948    0.034645  0.00162681
           5      0.0366    0.035036  0.00134762
           6    0.030792   0.0343287  0.00129542
           7     0.03398   0.0342789  0.00111131
           8    0.030436   0.0337985   0.0010712
           9    0.033076   0.0337182 0.000955177
          10    0.033424   0.0336888 0.000860113
          11    0.041568   0.0344051  0.00103819
          12    0.027288    0.033812  0.00110821
          13    0.022992   0.0329797  0.00129842
          14    0.036916   0.0332609  0.00123574
          15    0.027408   0.0328707   0.0012134
          16    0.028148   0.0325755  0.00117291
          17    0.040624   0.0330489  0.00119566
          18    0.019908   0.0323189  0.00133362
          19     0.03802   0.0326189  0.00129674
          20    0.030512   0.0325136  0.00123618
           1     0.02532     0.02532           0
           2     0.03824     0.03178  0.00456791
           3    0.036756   0.0334387  0.00333284
           4    0.042668    0.035746  0.00320015
           5    0.017276    0.032052   0.0041798
           6    0.027492    0.031292  0.00355159
           7    0.019092   0.0295491  0.00344542
           8    0.039132    0.030747  0.00321623
           9    0.025028   0.0301116  0.00292097
          10    0.040068   0.0311072  0.00279341
          11    0.036408   0.0315891   0.0025807
          12    0.035524    0.031917  0.00238638
          13    0.040676   0.0325908  0.00229596
          14     0.02622   0.0321357  0.00217659
          15    0.016672   0.0311048  0.00226249
          16    0.036136   0.0314193  0.00214283
          17    0.042256   0.0320567  0.00210946
          18    0.022608   0.0315318  0.00205655
          19      0.0245   0.0311617  0.00198133
          20    0.020908    0.030649  0.00194746
           1     0.02956     0.02956           0
           2      0.0256     0.02758  0.00140007
           3      0.0315   0.0288867  0.00141755
           4    0.025464    0.028031  0.00129593
           5    0.029776     0.02838  0.00108272
           6     0.01586   0.0262933  0.00210774
           7        0.03   0.0268229  0.00187197
           8    0.045404   0.0291455   0.0027209
           9    0.026712   0.0288751  0.00243197
          10    0.026356   0.0286232  0.00220179
          11    0.025708   0.0283582  0.00201751
          12    0.018576    0.027543  0.00200733
          13    0.035664   0.0281677   0.0019477
          14    0.029268   0.0282463  0.00181016
          15    0.023904   0.0279568  0.00171248
          16    0.021256    0.027538  0.00165586
          17      0.0254   0.0274122  0.00156323
          18    0.039788   0.0280998  0.00162054
          19    0.028852   0.0281394  0.00153573
          20    0.026328   0.0280488  0.00146162
           1    0.035484    0.035484           0
           2    0.024084    0.029784  0.00403051
           3    0.021632   0.0270667  0.00348462
           4    0.031816    0.028254  0.00280848
           5    0.018324    0.026268  0.00286415
           6    0.026756   0.0263493  0.00238795
           7    0.031048   0.0270206  0.00213907
           8     0.02278   0.0264905  0.00193625
           9    0.027556   0.0266089  0.00172473
          10     0.02412     0.02636  0.00157011
          11    0.028964   0.0265967  0.00144511
          12    0.040476   0.0277533  0.00172657
          13    0.028012   0.0277732  0.00159387
          14    0.020156   0.0272291  0.00157015
          15    0.030572    0.027452   0.0014812
          16    0.025996    0.027361  0.00139142
          17    0.036412   0.0278934  0.00140775
          18     0.02506    0.027736  0.00133831
          19    0.023156   0.0274949   0.0012894
          20    0.029816    0.027611  0.00123014
